01 Lit	Audience 01	471.5	471500	579.5	579500	108.0	108000	Unlit
01 Lit	Audience 01	579.5	579500	604.4	604400	24.9	24900	Unlit
01 Lit	Audience 01	604.4	604400	629.4	629400	25.0	25000	Unlit
01 Lit	Audience 01	629.4	629400	654.5	654500	25.1	25100	Lit
01 Lit	Audience 01	654.5	654500	679.5	679500	25.0	25000	Unlit
01 Lit	Audience 01	679.5	679500	779.8	779800	100.3	100300	Lit
01 Lit	Audience 01	779.8	779800	879.7	879700	99.9	99900	Unlit
01 Lit	Audience 01	879.7	879700	904.7	904700	25.0	25000	Unlit
01 Lit	Audience 01	904.7	904700	929.7	929700	25.0	25000	Lit
01 Lit	Audience 01	929.7	929700	954.7	954700	25.0	25000	Unlit
01 Lit	Audience 01	954.7	954700	979.5	979500	24.8	24800	Unlit
01 Lit	Audience 01	979.5	979500	1079.6	1079600	100.1	100100	Lit
01 Lit	Audience 01	1079.6	1079600	1180.1	1180100	100.5	100500	Unlit
01 Lit	Audience 01	1180.1	1180100	1204.7	1204700	24.6	24600	Unlit
01 Lit	Audience 01	1204.7	1204700	1229.7	1229700	25.0	25000	Unlit
01 Lit	Audience 01	1229.7	1229700	1254.5	1254500	24.8	24800	Unlit
01 Lit	Audience 01	1254.5	1254500	1279.5	1279500	25.0	25000	Unlit
01 Lit	Audience 01	1279.5	1279500	1363.3	1363300	83.8	83800	Lit
02 Lit	Audience 02	471.5	471500	579.5	579500	108.0	108000	Unlit
02 Lit	Audience 02	579.5	579500	604.4	604400	24.9	24900	Lit
02 Lit	Audience 02	604.4	604400	629.4	629400	25.0	25000	Unlit
02 Lit	Audience 02	629.4	629400	654.5	654500	25.1	25100	Unlit
02 Lit	Audience 02	654.5	654500	679.5	679500	25.0	25000	Lit
02 Lit	Audience 02	679.5	679500	779.8	779800	100.3	100300	Lit
02 Lit	Audience 02	779.8	779800	879.7	879700	99.9	99900	Unlit
02 Lit	Audience 02	879.7	879700	904.7	904700	25.0	25000	Unlit
02 Lit	Audience 02	904.7	904700	929.7	929700	25.0	25000	Unlit
02 Lit	Audience 02	929.7	929700	954.7	954700	25.0	25000	Unlit
02 Lit	Audience 02	954.7	954700	979.5	979500	24.8	24800	Unlit
02 Lit	Audience 02	979.5	979500	1079.6	1079600	100.1	100100	Lit
02 Lit	Audience 02	1079.6	1079600	1180.1	1180100	100.5	100500	Unlit
02 Lit	Audience 02	1180.1	1180100	1204.7	1204700	24.6	24600	Lit
02 Lit	Audience 02	1204.7	1204700	1229.7	1229700	25.0	25000	Unlit
02 Lit	Audience 02	1229.7	1229700	1254.5	1254500	24.8	24800	Unlit
02 Lit	Audience 02	1254.5	1254500	1279.5	1279500	25.0	25000	Lit
02 Lit	Audience 02	1279.5	1279500	1363.3	1363300	83.8	83800	Lit
03 Lit	Audience 03	471.5	471500	579.5	579500	108.0	108000	Unlit
03 Lit	Audience 03	579.5	579500	604.4	604400	24.9	24900	Unlit
03 Lit	Audience 03	604.4	604400	629.4	629400	25.0	25000	Unlit
03 Lit	Audience 03	629.4	629400	654.5	654500	25.1	25100	Unlit
03 Lit	Audience 03	654.5	654500	679.5	679500	25.0	25000	Unlit
03 Lit	Audience 03	679.5	679500	779.8	779800	100.3	100300	Lit
03 Lit	Audience 03	779.8	779800	879.7	879700	99.9	99900	Unlit
03 Lit	Audience 03	879.7	879700	904.7	904700	25.0	25000	Lit
03 Lit	Audience 03	904.7	904700	929.7	929700	25.0	25000	Unlit
03 Lit	Audience 03	929.7	929700	954.7	954700	25.0	25000	Unlit
03 Lit	Audience 03	954.7	954700	979.5	979500	24.8	24800	Lit
03 Lit	Audience 03	979.5	979500	1079.6	1079600	100.1	100100	Lit
03 Lit	Audience 03	1079.6	1079600	1180.1	1180100	100.5	100500	Unlit
03 Lit	Audience 03	1180.1	1180100	1204.7	1204700	24.6	24600	Unlit
03 Lit	Audience 03	1204.7	1204700	1229.7	1229700	25.0	25000	Unlit
03 Lit	Audience 03	1229.7	1229700	1254.5	1254500	24.8	24800	Lit
03 Lit	Audience 03	1254.5	1254500	1279.5	1279500	25.0	25000	Unlit
03 Lit	Audience 03	1279.5	1279500	1363.3	1363300	83.8	83800	Lit
04 Lit	Empty	471.5	471500	579.5	579500	108.0	108000	Unlit
04 Lit	Empty	579.5	579500	604.4	604400	24.9	24900	Unlit
04 Lit	Empty	604.4	604400	629.4	629400	25.0	25000	Lit
04 Lit	Empty	629.4	629400	654.5	654500	25.1	25100	Unlit
04 Lit	Empty	654.5	654500	679.5	679500	25.0	25000	Unlit
04 Lit	Empty	679.5	679500	779.8	779800	100.3	100300	Lit
04 Lit	Empty	779.8	779800	879.7	879700	99.9	99900	Unlit
04 Lit	Empty	879.7	879700	904.7	904700	25.0	25000	Unlit
04 Lit	Empty	904.7	904700	929.7	929700	25.0	25000	Unlit
04 Lit	Empty	929.7	929700	954.7	954700	25.0	25000	Lit
04 Lit	Empty	954.7	954700	979.5	979500	24.8	24800	Unlit
04 Lit	Empty	979.5	979500	1079.6	1079600	100.1	100100	Lit
04 Lit	Empty	1079.6	1079600	1180.1	1180100	100.5	100500	Unlit
04 Lit	Empty	1180.1	1180100	1204.7	1204700	24.6	24600	Unlit
04 Lit	Empty	1204.7	1204700	1229.7	1229700	25.0	25000	Lit
04 Lit	Empty	1229.7	1229700	1254.5	1254500	24.8	24800	Unlit
04 Lit	Empty	1254.5	1254500	1279.5	1279500	25.0	25000	Unlit
04 Lit	Empty	1279.5	1279500	1363.3	1363300	83.8	83800	Lit
05 Lit	Audience 05	471.5	471500	579.5	579500	108.0	108000	Unlit
05 Lit	Audience 05	579.5	579500	604.4	604400	24.9	24900	Unlit
05 Lit	Audience 05	604.4	604400	629.4	629400	25.0	25000	Unlit
05 Lit	Audience 05	629.4	629400	654.5	654500	25.1	25100	Lit
05 Lit	Audience 05	654.5	654500	679.5	679500	25.0	25000	Unlit
05 Lit	Audience 05	679.5	679500	779.8	779800	100.3	100300	Lit
05 Lit	Audience 05	779.8	779800	879.7	879700	99.9	99900	Unlit
05 Lit	Audience 05	879.7	879700	904.7	904700	25.0	25000	Unlit
05 Lit	Audience 05	904.7	904700	929.7	929700	25.0	25000	Unlit
05 Lit	Audience 05	929.7	929700	954.7	954700	25.0	25000	Unlit
05 Lit	Audience 05	954.7	954700	979.5	979500	24.8	24800	Unlit
05 Lit	Audience 05	979.5	979500	1079.6	1079600	100.1	100100	Lit
05 Lit	Audience 05	1079.6	1079600	1180.1	1180100	100.5	100500	Unlit
05 Lit	Audience 05	1180.1	1180100	1204.7	1204700	24.6	24600	Lit
05 Lit	Audience 05	1204.7	1204700	1229.7	1229700	25.0	25000	Unlit
05 Lit	Audience 05	1229.7	1229700	1254.5	1254500	24.8	24800	Lit
05 Lit	Audience 05	1254.5	1254500	1279.5	1279500	25.0	25000	Unlit
05 Lit	Audience 05	1279.5	1279500	1363.3	1363300	83.8	83800	Lit
06 Lit	Audience 06	471.5	471500	579.5	579500	108.0	108000	Unlit
06 Lit	Audience 06	579.5	579500	604.4	604400	24.9	24900	Lit
06 Lit	Audience 06	604.4	604400	629.4	629400	25.0	25000	Unlit
06 Lit	Audience 06	629.4	629400	654.5	654500	25.1	25100	Unlit
06 Lit	Audience 06	654.5	654500	679.5	679500	25.0	25000	Unlit
06 Lit	Audience 06	679.5	679500	779.8	779800	100.3	100300	Lit
06 Lit	Audience 06	779.8	779800	879.7	879700	99.9	99900	Unlit
06 Lit	Audience 06	879.7	879700	904.7	904700	25.0	25000	Lit
06 Lit	Audience 06	904.7	904700	929.7	929700	25.0	25000	Lit
06 Lit	Audience 06	929.7	929700	954.7	954700	25.0	25000	Unlit
06 Lit	Audience 06	954.7	954700	979.5	979500	24.8	24800	Unlit
06 Lit	Audience 06	979.5	979500	1079.6	1079600	100.1	100100	Lit
06 Lit	Audience 06	1079.6	1079600	1180.1	1180100	100.5	100500	Unlit
06 Lit	Audience 06	1180.1	1180100	1204.7	1204700	24.6	24600	Unlit
06 Lit	Audience 06	1204.7	1204700	1229.7	1229700	25.0	25000	Unlit
06 Lit	Audience 06	1229.7	1229700	1254.5	1254500	24.8	24800	Unlit
06 Lit	Audience 06	1254.5	1254500	1279.5	1279500	25.0	25000	Lit
06 Lit	Audience 06	1279.5	1279500	1363.3	1363300	83.8	83800	Lit
07 Lit	Audience 07	471.5	471500	579.5	579500	108.0	108000	Unlit
07 Lit	Audience 07	579.5	579500	604.4	604400	24.9	24900	Unlit
07 Lit	Audience 07	604.4	604400	629.4	629400	25.0	25000	Lit
07 Lit	Audience 07	629.4	629400	654.5	654500	25.1	25100	Unlit
07 Lit	Audience 07	654.5	654500	679.5	679500	25.0	25000	Unlit
07 Lit	Audience 07	679.5	679500	779.8	779800	100.3	100300	Lit
07 Lit	Audience 07	779.8	779800	879.7	879700	99.9	99900	Unlit
07 Lit	Audience 07	879.7	879700	904.7	904700	25.0	25000	Unlit
07 Lit	Audience 07	904.7	904700	929.7	929700	25.0	25000	Unlit
07 Lit	Audience 07	929.7	929700	954.7	954700	25.0	25000	Lit
07 Lit	Audience 07	954.7	954700	979.5	979500	24.8	24800	Unlit
07 Lit	Audience 07	979.5	979500	1079.6	1079600	100.1	100100	Lit
07 Lit	Audience 07	1079.6	1079600	1180.1	1180100	100.5	100500	Unlit
07 Lit	Audience 07	1180.1	1180100	1204.7	1204700	24.6	24600	Unlit
07 Lit	Audience 07	1204.7	1204700	1229.7	1229700	25.0	25000	Lit
07 Lit	Audience 07	1229.7	1229700	1254.5	1254500	24.8	24800	Unlit
07 Lit	Audience 07	1254.5	1254500	1279.5	1279500	25.0	25000	Unlit
07 Lit	Audience 07	1279.5	1279500	1363.3	1363300	83.8	83800	Lit
08 Lit	Audience 08	471.5	471500	579.5	579500	108.0	108000	Unlit
08 Lit	Audience 08	579.5	579500	604.4	604400	24.9	24900	Unlit
08 Lit	Audience 08	604.4	604400	629.4	629400	25.0	25000	Unlit
08 Lit	Audience 08	629.4	629400	654.5	654500	25.1	25100	Unlit
08 Lit	Audience 08	654.5	654500	679.5	679500	25.0	25000	Lit
08 Lit	Audience 08	679.5	679500	779.8	779800	100.3	100300	Lit
08 Lit	Audience 08	779.8	779800	879.7	879700	99.9	99900	Unlit
08 Lit	Audience 08	879.7	879700	904.7	904700	25.0	25000	Unlit
08 Lit	Audience 08	904.7	904700	929.7	929700	25.0	25000	Unlit
08 Lit	Audience 08	929.7	929700	954.7	954700	25.0	25000	Unlit
08 Lit	Audience 08	954.7	954700	979.5	979500	24.8	24800	Lit
08 Lit	Audience 08	979.5	979500	1079.6	1079600	100.1	100100	Lit
08 Lit	Audience 08	1079.6	1079600	1180.1	1180100	100.5	100500	Unlit
08 Lit	Audience 08	1180.1	1180100	1204.7	1204700	24.6	24600	Unlit
08 Lit	Audience 08	1204.7	1204700	1229.7	1229700	25.0	25000	Unlit
08 Lit	Audience 08	1229.7	1229700	1254.5	1254500	24.8	24800	Unlit
08 Lit	Audience 08	1254.5	1254500	1279.5	1279500	25.0	25000	Unlit
08 Lit	Audience 08	1279.5	1279500	1363.3	1363300	83.8	83800	Lit
09 Lit	Audience 09	471.5	471500	579.5	579500	108.0	108000	Unlit
09 Lit	Audience 09	579.5	579500	604.4	604400	24.9	24900	Lit
09 Lit	Audience 09	604.4	604400	629.4	629400	25.0	25000	Unlit
09 Lit	Audience 09	629.4	629400	654.5	654500	25.1	25100	Lit
09 Lit	Audience 09	654.5	654500	679.5	679500	25.0	25000	Unlit
09 Lit	Audience 09	679.5	679500	779.8	779800	100.3	100300	Lit
09 Lit	Audience 09	779.8	779800	879.7	879700	99.9	99900	Unlit
09 Lit	Audience 09	879.7	879700	904.7	904700	25.0	25000	Unlit
09 Lit	Audience 09	904.7	904700	929.7	929700	25.0	25000	Unlit
09 Lit	Audience 09	929.7	929700	954.7	954700	25.0	25000	Unlit
09 Lit	Audience 09	954.7	954700	979.5	979500	24.8	24800	Unlit
09 Lit	Audience 09	979.5	979500	1079.6	1079600	100.1	100100	Lit
09 Lit	Audience 09	1079.6	1079600	1180.1	1180100	100.5	100500	Unlit
09 Lit	Audience 09	1180.1	1180100	1204.7	1204700	24.6	24600	Lit
09 Lit	Audience 09	1204.7	1204700	1229.7	1229700	25.0	25000	Unlit
09 Lit	Audience 09	1229.7	1229700	1254.5	1254500	24.8	24800	Unlit
09 Lit	Audience 09	1254.5	1254500	1279.5	1279500	25.0	25000	Lit
09 Lit	Audience 09	1279.5	1279500	1363.3	1363300	83.8	83800	Lit
10 Lit	Audience 10	471.5	471500	579.5	579500	108.0	108000	Unlit
10 Lit	Audience 10	579.5	579500	604.4	604400	24.9	24900	Unlit
10 Lit	Audience 10	604.4	604400	629.4	629400	25.0	25000	Unlit
10 Lit	Audience 10	629.4	629400	654.5	654500	25.1	25100	Unlit
10 Lit	Audience 10	654.5	654500	679.5	679500	25.0	25000	Unlit
10 Lit	Audience 10	679.5	679500	779.8	779800	100.3	100300	Lit
10 Lit	Audience 10	779.8	779800	879.7	879700	99.9	99900	Unlit
10 Lit	Audience 10	879.7	879700	904.7	904700	25.0	25000	Lit
10 Lit	Audience 10	904.7	904700	929.7	929700	25.0	25000	Unlit
10 Lit	Audience 10	929.7	929700	954.7	954700	25.0	25000	Lit
10 Lit	Audience 10	954.7	954700	979.5	979500	24.8	24800	Unlit
10 Lit	Audience 10	979.5	979500	1079.6	1079600	100.1	100100	Lit
10 Lit	Audience 10	1079.6	1079600	1180.1	1180100	100.5	100500	Unlit
10 Lit	Audience 10	1180.1	1180100	1204.7	1204700	24.6	24600	Unlit
10 Lit	Audience 10	1204.7	1204700	1229.7	1229700	25.0	25000	Lit
10 Lit	Audience 10	1229.7	1229700	1254.5	1254500	24.8	24800	Unlit
10 Lit	Audience 10	1254.5	1254500	1279.5	1279500	25.0	25000	Unlit
10 Lit	Audience 10	1279.5	1279500	1363.3	1363300	83.8	83800	Lit
11 Lit	Audience 11	471.5	471500	579.5	579500	108.0	108000	Unlit
11 Lit	Audience 11	579.5	579500	604.4	604400	24.9	24900	Unlit
11 Lit	Audience 11	604.4	604400	629.4	629400	25.0	25000	Unlit
11 Lit	Audience 11	629.4	629400	654.5	654500	25.1	25100	Unlit
11 Lit	Audience 11	654.5	654500	679.5	679500	25.0	25000	Lit
11 Lit	Audience 11	679.5	679500	779.8	779800	100.3	100300	Lit
11 Lit	Audience 11	779.8	779800	879.7	879700	99.9	99900	Unlit
11 Lit	Audience 11	879.7	879700	904.7	904700	25.0	25000	Unlit
11 Lit	Audience 11	904.7	904700	929.7	929700	25.0	25000	Unlit
11 Lit	Audience 11	929.7	929700	954.7	954700	25.0	25000	Unlit
11 Lit	Audience 11	954.7	954700	979.5	979500	24.8	24800	Lit
11 Lit	Audience 11	979.5	979500	1079.6	1079600	100.1	100100	Lit
11 Lit	Audience 11	1079.6	1079600	1180.1	1180100	100.5	100500	Unlit
11 Lit	Audience 11	1180.1	1180100	1204.7	1204700	24.6	24600	Unlit
11 Lit	Audience 11	1204.7	1204700	1229.7	1229700	25.0	25000	Unlit
11 Lit	Audience 11	1229.7	1229700	1254.5	1254500	24.8	24800	Lit
11 Lit	Audience 11	1254.5	1254500	1279.5	1279500	25.0	25000	Unlit
11 Lit	Audience 11	1279.5	1279500	1363.3	1363300	83.8	83800	Lit
13 Lit	Audience 13	471.5	471500	579.5	579500	108.0	108000	Unlit
13 Lit	Audience 13	579.5	579500	604.4	604400	24.9	24900	Unlit
13 Lit	Audience 13	604.4	604400	629.4	629400	25.0	25000	Lit
13 Lit	Audience 13	629.4	629400	654.5	654500	25.1	25100	Unlit
13 Lit	Audience 13	654.5	654500	679.5	679500	25.0	25000	Unlit
13 Lit	Audience 13	679.5	679500	779.8	779800	100.3	100300	Lit
13 Lit	Audience 13	779.8	779800	879.7	879700	99.9	99900	Unlit
13 Lit	Audience 13	879.7	879700	904.7	904700	25.0	25000	Unlit
13 Lit	Audience 13	904.7	904700	929.7	929700	25.0	25000	Lit
13 Lit	Audience 13	929.7	929700	954.7	954700	25.0	25000	Unlit
13 Lit	Audience 13	954.7	954700	979.5	979500	24.8	24800	Unlit
13 Lit	Audience 13	979.5	979500	1079.6	1079600	100.1	100100	Lit
13 Lit	Audience 13	1079.6	1079600	1180.1	1180100	100.5	100500	Unlit
13 Lit	Audience 13	1180.1	1180100	1204.7	1204700	24.6	24600	Unlit
13 Lit	Audience 13	1204.7	1204700	1229.7	1229700	25.0	25000	Unlit
13 Lit	Audience 13	1229.7	1229700	1254.5	1254500	24.8	24800	Lit
13 Lit	Audience 13	1254.5	1254500	1279.5	1279500	25.0	25000	Unlit
13 Lit	Audience 13	1279.5	1279500	1363.3	1363300	83.8	83800	Lit
14 Lit	Audience 14	471.5	471500	579.5	579500	108.0	108000	Unlit
14 Lit	Audience 14	579.5	579500	604.4	604400	24.9	24900	Unlit
14 Lit	Audience 14	604.4	604400	629.4	629400	25.0	25000	Unlit
14 Lit	Audience 14	629.4	629400	654.5	654500	25.1	25100	Unlit
14 Lit	Audience 14	654.5	654500	679.5	679500	25.0	25000	Unlit
14 Lit	Audience 14	679.5	679500	779.8	779800	100.3	100300	Lit
14 Lit	Audience 14	779.8	779800	879.7	879700	99.9	99900	Unlit
14 Lit	Audience 14	879.7	879700	904.7	904700	25.0	25000	Lit
14 Lit	Audience 14	904.7	904700	929.7	929700	25.0	25000	Unlit
14 Lit	Audience 14	929.7	929700	954.7	954700	25.0	25000	Unlit
14 Lit	Audience 14	954.7	954700	979.5	979500	24.8	24800	Lit
14 Lit	Audience 14	979.5	979500	1079.6	1079600	100.1	100100	Lit
14 Lit	Audience 14	1079.6	1079600	1180.1	1180100	100.5	100500	Unlit
14 Lit	Audience 14	1180.1	1180100	1204.7	1204700	24.6	24600	Unlit
14 Lit	Audience 14	1204.7	1204700	1229.7	1229700	25.0	25000	Unlit
14 Lit	Audience 14	1229.7	1229700	1254.5	1254500	24.8	24800	Unlit
14 Lit	Audience 14	1254.5	1254500	1279.5	1279500	25.0	25000	Lit
14 Lit	Audience 14	1279.5	1279500	1363.3	1363300	83.8	83800	Lit
15 Lit	Empty	471.5	471500	579.5	579500	108.0	108000	Unlit
15 Lit	Empty	579.5	579500	604.4	604400	24.9	24900	Lit
15 Lit	Empty	604.4	604400	629.4	629400	25.0	25000	Unlit
15 Lit	Empty	629.4	629400	654.5	654500	25.1	25100	Lit
15 Lit	Empty	654.5	654500	679.5	679500	25.0	25000	Unlit
15 Lit	Empty	679.5	679500	779.8	779800	100.3	100300	Lit
15 Lit	Empty	779.8	779800	879.7	879700	99.9	99900	Unlit
15 Lit	Empty	879.7	879700	904.7	904700	25.0	25000	Unlit
15 Lit	Empty	904.7	904700	929.7	929700	25.0	25000	Unlit
15 Lit	Empty	929.7	929700	954.7	954700	25.0	25000	Lit
15 Lit	Empty	954.7	954700	979.5	979500	24.8	24800	Unlit
15 Lit	Empty	979.5	979500	1079.6	1079600	100.1	100100	Lit
15 Lit	Empty	1079.6	1079600	1180.1	1180100	100.5	100500	Unlit
15 Lit	Empty	1180.1	1180100	1204.7	1204700	24.6	24600	Unlit
15 Lit	Empty	1204.7	1204700	1229.7	1229700	25.0	25000	Lit
15 Lit	Empty	1229.7	1229700	1254.5	1254500	24.8	24800	Unlit
15 Lit	Empty	1254.5	1254500	1279.5	1279500	25.0	25000	Unlit
15 Lit	Empty	1279.5	1279500	1363.3	1363300	83.8	83800	Lit
12 Lit	Empty	471.5	471500	579.5	579500	108.0	108000	Unlit
12 Lit	Empty	579.5	579500	604.4	604400	24.9	24900	Unlit
12 Lit	Empty	604.4	604400	629.4	629400	25.0	25000	Lit
12 Lit	Empty	629.4	629400	654.5	654500	25.1	25100	Unlit
12 Lit	Empty	654.5	654500	679.5	679500	25.0	25000	Unlit
12 Lit	Empty	679.5	679500	779.8	779800	100.3	100300	Lit
12 Lit	Empty	779.8	779800	879.7	879700	99.9	99900	Unlit
12 Lit	Empty	879.7	879700	904.7	904700	25.0	25000	Unlit
12 Lit	Empty	904.7	904700	929.7	929700	25.0	25000	Lit
12 Lit	Empty	929.7	929700	954.7	954700	25.0	25000	Unlit
12 Lit	Empty	954.7	954700	979.5	979500	24.8	24800	Unlit
12 Lit	Empty	979.5	979500	1079.6	1079600	100.1	100100	Lit
12 Lit	Empty	1079.6	1079600	1180.1	1180100	100.5	100500	Unlit
12 Lit	Empty	1180.1	1180100	1204.7	1204700	24.6	24600	Unlit
12 Lit	Empty	1204.7	1204700	1229.7	1229700	25.0	25000	Unlit
12 Lit	Empty	1229.7	1229700	1254.5	1254500	24.8	24800	Unlit
12 Lit	Empty	1254.5	1254500	1279.5	1279500	25.0	25000	Unlit
12 Lit	Empty	1279.5	1279500	1363.3	1363300	83.8	83800	Lit
16 Lit	Empty	471.5	471500	579.5	579500	108.0	108000	Unlit
16 Lit	Empty	579.5	579500	604.4	604400	24.9	24900	Unlit
16 Lit	Empty	604.4	604400	629.4	629400	25.0	25000	Unlit
16 Lit	Empty	629.4	629400	654.5	654500	25.1	25100	Unlit
16 Lit	Empty	654.5	654500	679.5	679500	25.0	25000	Lit
16 Lit	Empty	679.5	679500	779.8	779800	100.3	100300	Lit
16 Lit	Empty	779.8	779800	879.7	879700	99.9	99900	Unlit
16 Lit	Empty	879.7	879700	904.7	904700	25.0	25000	Unlit
16 Lit	Empty	904.7	904700	929.7	929700	25.0	25000	Unlit
16 Lit	Empty	929.7	929700	954.7	954700	25.0	25000	Unlit
16 Lit	Empty	954.7	954700	979.5	979500	24.8	24800	Unlit
16 Lit	Empty	979.5	979500	1079.6	1079600	100.1	100100	Lit
16 Lit	Empty	1079.6	1079600	1180.1	1180100	100.5	100500	Unlit
16 Lit	Empty	1180.1	1180100	1204.7	1204700	24.6	24600	Lit
16 Lit	Empty	1204.7	1204700	1229.7	1229700	25.0	25000	Unlit
16 Lit	Empty	1229.7	1229700	1254.5	1254500	24.8	24800	Unlit
16 Lit	Empty	1254.5	1254500	1279.5	1279500	25.0	25000	Unlit
16 Lit	Empty	1279.5	1279500	1363.3	1363300	83.8	83800	Lit
01 Laughing	Audience 01	471.2	471200	1365.24	1365240	894.04	894040	Indeterminate
02 Laughing	Audience 02	472.12	472120	507.0	507000	34.88	34880	Not Laughing
02 Laughing	Audience 02	507.0	507000	513.92	513920	6.92	6920	Smiling
02 Laughing	Audience 02	513.92	513920	587.12	587120	73.2	73200	Not Laughing
02 Laughing	Audience 02	587.12	587120	592.32	592320	5.2	5200	Smiling
02 Laughing	Audience 02	592.32	592320	639.4	639400	47.08	47080	Not Laughing
02 Laughing	Audience 02	639.4	639400	641.28	641280	1.88	1880	Smiling
02 Laughing	Audience 02	641.28	641280	676.12	676120	34.84	34840	Not Laughing
02 Laughing	Audience 02	676.12	676120	683.44	683440	7.32	7320	Smiling
02 Laughing	Audience 02	683.44	683440	701.84	701840	18.4	18400	Not Laughing
02 Laughing	Audience 02	701.84	701840	707.2	707200	5.36	5360	Smiling
02 Laughing	Audience 02	707.2	707200	714.04	714040	6.84	6840	Not Laughing
02 Laughing	Audience 02	714.04	714040	718.44	718440	4.4	4400	Smiling
02 Laughing	Audience 02	718.44	718440	730.84	730840	12.4	12400	Not Laughing
02 Laughing	Audience 02	730.84	730840	736.96	736960	6.12	6120	Smiling
02 Laughing	Audience 02	736.96	736960	750.76	750760	13.8	13800	Not Laughing
02 Laughing	Audience 02	750.76	750760	755.16	755160	4.4	4400	Smiling
02 Laughing	Audience 02	755.16	755160	759.04	759040	3.88	3880	Not Laughing
02 Laughing	Audience 02	759.04	759040	763.52	763520	4.48	4480	Smiling
02 Laughing	Audience 02	763.52	763520	827.68	827680	64.16	64160	Not Laughing
02 Laughing	Audience 02	827.68	827680	832.68	832680	5.0	5000	Smiling
02 Laughing	Audience 02	832.68	832680	836.96	836960	4.28	4280	Not Laughing
02 Laughing	Audience 02	836.96	836960	840.2	840200	3.24	3240	Smiling
02 Laughing	Audience 02	840.2	840200	878.96	878960	38.76	38760	Not Laughing
02 Laughing	Audience 02	878.96	878960	884.24	884240	5.28	5280	Smiling
02 Laughing	Audience 02	884.24	884240	901.8	901800	17.56	17560	Not Laughing
02 Laughing	Audience 02	901.8	901800	906.36	906360	4.56	4560	Smiling
02 Laughing	Audience 02	906.36	906360	940.4	940400	34.04	34040	Not Laughing
02 Laughing	Audience 02	940.4	940400	944.72	944720	4.32	4320	Smiling
02 Laughing	Audience 02	944.72	944720	971.28	971280	26.56	26560	Not Laughing
02 Laughing	Audience 02	971.28	971280	973.96	973960	2.68	2680	Smiling
02 Laughing	Audience 02	973.96	973960	1018.0	1018000	44.04	44040	Not Laughing
02 Laughing	Audience 02	1018.0	1018000	1037.24	1037240	19.24	19240	Smiling
02 Laughing	Audience 02	1037.24	1037240	1046.6	1046600	9.36	9360	Not Laughing
02 Laughing	Audience 02	1046.6	1046600	1049.8	1049800	3.2	3200	Smiling
02 Laughing	Audience 02	1049.8	1049800	1068.72	1068720	18.92	18920	Not Laughing
02 Laughing	Audience 02	1068.72	1068720	1074.88	1074880	6.16	6160	Smiling
02 Laughing	Audience 02	1074.88	1074880	1111.64	1111640	36.76	36760	Not Laughing
02 Laughing	Audience 02	1111.64	1111640	1121.52	1121520	9.88	9880	Smiling
02 Laughing	Audience 02	1121.52	1121520	1136.44	1136440	14.92	14920	Not Laughing
02 Laughing	Audience 02	1136.44	1136440	1144.28	1144280	7.84	7840	Smiling
02 Laughing	Audience 02	1144.28	1144280	1186.56	1186560	42.28	42280	Not Laughing
02 Laughing	Audience 02	1186.56	1186560	1193.88	1193880	7.32	7320	Smiling
02 Laughing	Audience 02	1193.88	1193880	1210.28	1210280	16.4	16400	Not Laughing
02 Laughing	Audience 02	1210.28	1210280	1218.44	1218440	8.16	8160	Smiling
02 Laughing	Audience 02	1218.44	1218440	1285.08	1285080	66.64	66640	Not Laughing
02 Laughing	Audience 02	1285.08	1285080	1291.92	1291920	6.84	6840	Smiling
02 Laughing	Audience 02	1291.92	1291920	1308.4	1308400	16.48	16480	Not Laughing
02 Laughing	Audience 02	1308.4	1308400	1312.44	1312440	4.04	4040	Smiling
02 Laughing	Audience 02	1312.44	1312440	1315.84	1315840	3.4	3400	Not Laughing
02 Laughing	Audience 02	1315.84	1315840	1320.64	1320640	4.8	4800	Smiling
02 Laughing	Audience 02	1320.64	1320640	1326.92	1326920	6.28	6280	Not Laughing
02 Laughing	Audience 02	1326.92	1326920	1332.0	1332000	5.08	5080	Smiling
02 Laughing	Audience 02	1332.0	1332000	1336.44	1336440	4.44	4440	Not Laughing
02 Laughing	Audience 02	1336.44	1336440	1341.0	1341000	4.56	4560	Smiling
02 Laughing	Audience 02	1341.0	1341000	1342.56	1342560	1.56	1560	Not Laughing
02 Laughing	Audience 02	1342.56	1342560	1364.8	1364800	22.24	22240	Smiling
02 Laughing	Audience 02	1364.8	1364800	1366.92	1366920	2.12	2120	Not Laughing
02 Laughing	Audience 02	1366.92	1366920	1371.12	1371120	4.2	4200	Smiling
03 Laughing	Audience 03	470.24	470240	508.12	508120	37.88	37880	Not Laughing
03 Laughing	Audience 03	508.12	508120	510.96	510960	2.84	2840	Smiling
03 Laughing	Audience 03	510.96	510960	528.56	528560	17.6	17600	Not Laughing
03 Laughing	Audience 03	528.56	528560	530.48	530480	1.92	1920	Smiling
03 Laughing	Audience 03	530.48	530480	550.44	550440	19.96	19960	Not Laughing
03 Laughing	Audience 03	550.44	550440	552.64	552640	2.2	2200	Smiling
03 Laughing	Audience 03	552.64	552640	572.04	572040	19.4	19400	Not Laughing
03 Laughing	Audience 03	572.04	572040	574.44	574440	2.4	2400	Smiling
03 Laughing	Audience 03	574.44	574440	589.2	589200	14.76	14760	Not Laughing
03 Laughing	Audience 03	589.2	589200	590.52	590520	1.32	1320	Smiling
03 Laughing	Audience 03	590.52	590520	640.6	640600	50.08	50080	Not Laughing
03 Laughing	Audience 03	640.6	640600	649.88	649880	9.28	9280	Smiling
03 Laughing	Audience 03	649.88	649880	677.56	677560	27.68	27680	Not Laughing
03 Laughing	Audience 03	677.56	677560	679.88	679880	2.32	2320	Smiling
03 Laughing	Audience 03	679.88	679880	731.96	731960	52.08	52080	Not Laughing
03 Laughing	Audience 03	731.96	731960	736.32	736320	4.36	4360	Smiling
03 Laughing	Audience 03	736.32	736320	788.08	788080	51.76	51760	Not Laughing
03 Laughing	Audience 03	788.08	788080	793.4	793400	5.32	5320	Smiling
03 Laughing	Audience 03	793.4	793400	823.28	823280	29.88	29880	Not Laughing
03 Laughing	Audience 03	823.28	823280	824.36	824360	1.08	1080	Smiling
03 Laughing	Audience 03	824.36	824360	829.64	829640	5.28	5280	Not Laughing
03 Laughing	Audience 03	829.64	829640	832.92	832920	3.28	3280	Smiling
03 Laughing	Audience 03	832.92	832920	838.68	838680	5.76	5760	Not Laughing
03 Laughing	Audience 03	838.68	838680	842.32	842320	3.64	3640	Smiling
03 Laughing	Audience 03	842.32	842320	874.6	874600	32.28	32280	Not Laughing
03 Laughing	Audience 03	874.6	874600	879.36	879360	4.76	4760	Smiling
03 Laughing	Audience 03	879.36	879360	897.64	897640	18.28	18280	Not Laughing
03 Laughing	Audience 03	897.64	897640	902.8	902800	5.16	5160	Smiling
03 Laughing	Audience 03	902.8	902800	955.32	955320	52.52	52520	Not Laughing
03 Laughing	Audience 03	955.32	955320	960.08	960080	4.76	4760	Smiling
03 Laughing	Audience 03	960.08	960080	967.28	967280	7.2	7200	Not Laughing
03 Laughing	Audience 03	967.28	967280	970.72	970720	3.44	3440	Smiling
03 Laughing	Audience 03	970.72	970720	1018.08	1018080	47.36	47360	Not Laughing
03 Laughing	Audience 03	1018.08	1018080	1026.04	1026040	7.96	7960	Smiling
03 Laughing	Audience 03	1026.04	1026040	1041.08	1041080	15.04	15040	Not Laughing
03 Laughing	Audience 03	1041.08	1041080	1044.56	1044560	3.48	3480	Smiling
03 Laughing	Audience 03	1044.56	1044560	1046.96	1046960	2.4	2400	Not Laughing
03 Laughing	Audience 03	1046.96	1046960	1049.36	1049360	2.4	2400	Smiling
03 Laughing	Audience 03	1049.36	1049360	1073.04	1073040	23.68	23680	Not Laughing
03 Laughing	Audience 03	1073.04	1073040	1076.32	1076320	3.28	3280	Smiling
03 Laughing	Audience 03	1076.32	1076320	1086.44	1086440	10.12	10120	Not Laughing
03 Laughing	Audience 03	1086.44	1086440	1089.92	1089920	3.48	3480	Smiling
03 Laughing	Audience 03	1089.92	1089920	1142.16	1142160	52.24	52240	Not Laughing
03 Laughing	Audience 03	1142.16	1142160	1144.32	1144320	2.16	2160	Smiling
03 Laughing	Audience 03	1144.32	1144320	1211.32	1211320	67.0	67000	Not Laughing  
03 Laughing	Audience 03	1211.32	1211320	1216.48	1216480	5.16	5160	Smiling
03 Laughing	Audience 03	1216.48	1216480	1328.28	1328280	111.8	111800	Not Laughing  
03 Laughing	Audience 03	1328.28	1328280	1330.32	1330320	2.04	2040	Smiling
03 Laughing	Audience 03	1330.32	1330320	1350.28	1350280	19.96	19960	Not Laughing
03 Laughing	Audience 03	1350.28	1350280	1352.44	1352440	2.16	2160	Smiling
03 Laughing	Audience 03	1352.44	1352440	1357.92	1357920	5.48	5480	Not Laughing
03 Laughing	Audience 03	1357.92	1357920	1361.28	1361280	3.36	3360	Smiling
03 Laughing	Audience 03	1361.28	1361280	1370.32	1370320	9.04	9040	Not Laughing
05 Laughing	Audience 05	471.96	471960	476.0	476000	4.04	4040	Smiling
05 Laughing	Audience 05	476.0	476000	479.2	479200	3.2	3200	Laughing
05 Laughing	Audience 05	479.2	479200	495.64	495640	16.44	16440	Not Laughing
05 Laughing	Audience 05	495.64	495640	498.08	498080	2.44	2440	Smiling
05 Laughing	Audience 05	498.08	498080	507.0	507000	8.92	8920	Not Laughing
05 Laughing	Audience 05	507.0	507000	508.04	508040	1.04	1040	Smiling
05 Laughing	Audience 05	508.04	508040	513.8	513800	5.76	5760	Not Laughing
05 Laughing	Audience 05	513.8	513800	518.6	518600	4.8	4800	Smiling
05 Laughing	Audience 05	518.6	518600	525.76	525760	7.16	7160	Not Laughing
05 Laughing	Audience 05	525.76	525760	529.24	529240	3.48	3480	Laughing
05 Laughing	Audience 05	529.24	529240	539.8	539800	10.56	10560	Smiling
05 Laughing	Audience 05	539.8	539800	541.64	541640	1.84	1840	Laughing
05 Laughing	Audience 05	541.64	541640	557.28	557280	15.64	15640	Not Laughing
05 Laughing	Audience 05	557.28	557280	560.0	560000	2.72	2720	Smiling
05 Laughing	Audience 05	560.0	560000	571.36	571360	11.36	11360	Not Laughing
05 Laughing	Audience 05	571.36	571360	572.8	572800	1.44	1440	Smiling
05 Laughing	Audience 05	572.8	572800	579.92	579920	7.12	7120	Not Laughing
05 Laughing	Audience 05	579.92	579920	582.12	582120	2.2	2200	Smiling
05 Laughing	Audience 05	582.12	582120	587.24	587240	5.12	5120	Not Laughing
05 Laughing	Audience 05	587.24	587240	591.0	591000	3.76	3760	Smiling
05 Laughing	Audience 05	591.0	591000	599.32	599320	8.32	8320	Not Laughing
05 Laughing	Audience 05	599.32	599320	601.52	601520	2.2	2200	Smiling
05 Laughing	Audience 05	601.52	601520	617.84	617840	16.32	16320	Not Laughing
05 Laughing	Audience 05	617.84	617840	622.76	622760	4.92	4920	Smiling
05 Laughing	Audience 05	622.76	622760	663.2	663200	40.44	40440	Not Laughing
05 Laughing	Audience 05	663.2	663200	666.48	666480	3.28	3280	Smiling
05 Laughing	Audience 05	666.48	666480	701.48	701480	35.0	35000	Not Laughing
05 Laughing	Audience 05	701.48	701480	705.56	705560	4.08	4080	Laughing
05 Laughing	Audience 05	705.56	705560	763.2	763200	57.64	57640	Not Laughing 
05 Laughing	Audience 05	763.2	763200	764.96	764960	1.76	1760	Smiling
05 Laughing	Audience 05	764.96	764960	787.04	787040	22.08	22080	Not Laughing
05 Laughing	Audience 05	787.04	787040	794.04	794040	7.0	7000	Laughing
05 Laughing	Audience 05	794.04	794040	821.88	821880	27.84	27840	Not Laughing
05 Laughing	Audience 05	821.88	821880	827.76	827760	5.88	5880	Smiling
05 Laughing	Audience 05	827.76	827760	841.6	841600	13.84	13840	Laughing
05 Laughing	Audience 05	841.6	841600	854.16	854160	12.56	12560	Not Laughing
05 Laughing	Audience 05	854.16	854160	855.88	855880	1.72	1720	Smiling
05 Laughing	Audience 05	855.88	855880	869.96	869960	14.08	14080	Not Laughing
05 Laughing	Audience 05	869.96	869960	873.68	873680	3.72	3720	Smiling
05 Laughing	Audience 05	873.68	873680	881.8	881800	8.12	8120	Laughing
05 Laughing	Audience 05	881.8	881800	896.64	896640	14.84	14840	Smiling 
05 Laughing	Audience 05	896.64	896640	902.04	902040	5.4	5400	Laughing
05 Laughing	Audience 05	902.04	902040	942.88	942880	40.84	40840	Not Laughing
05 Laughing	Audience 05	942.88	942880	944.72	944720	1.84	1840	Smiling
05 Laughing	Audience 05	944.72	944720	955.32	955320	10.6	10600	Not Laughing
05 Laughing	Audience 05	955.32	955320	958.04	958040	2.72	2720	Smiling
05 Laughing	Audience 05	958.04	958040	970.4	970400	12.36	12360	Not Laughing
05 Laughing	Audience 05	970.4	970400	972.88	972880	2.48	2480	Smiling
05 Laughing	Audience 05	972.88	972880	987.08	987080	14.2	14200	Not Laughing 
05 Laughing	Audience 05	987.08	987080	989.12	989120	2.04	2040	Smiling
05 Laughing	Audience 05	989.12	989120	1015.32	1015320	26.2	26200	Not Laughing
05 Laughing	Audience 05	1015.32	1015320	1022.0	1022000	6.68	6680	Smiling
05 Laughing	Audience 05	1022.0	1022000	1023.4	1023400	1.4	1400	Laughing
05 Laughing	Audience 05	1023.4	1023400	1031.8	1031800	8.4	8400	Smiling
05 Laughing	Audience 05	1031.8	1031800	1033.92	1033920	2.12	2120	Laughing
05 Laughing	Audience 05	1033.92	1033920	1048.96	1048960	15.04	15040	Smiling 
05 Laughing	Audience 05	1048.96	1048960	1066.6	1066600	17.64	17640	Not Laughing 
05 Laughing	Audience 05	1066.6	1066600	1072.0	1072000	5.4	5400	Laughing
05 Laughing	Audience 05	1072.0	1072000	1075.92	1075920	3.92	3920	Laughing
05 Laughing	Audience 05	1075.92	1075920	1079.84	1079840	3.92	3920	Laughing
05 Laughing	Audience 05	1079.84	1079840	1084.48	1084480	4.64	4640	Not Laughing
05 Laughing	Audience 05	1084.48	1084480	1085.84	1085840	1.36	1360	Laughing
05 Laughing	Audience 05	1085.84	1085840	1089.32	1089320	3.48	3480	Smiling
05 Laughing	Audience 05	1089.32	1089320	1111.32	1111320	22.0	22000	Not Laughing
05 Laughing	Audience 05	1111.32	1111320	1116.0	1116000	4.68	4680	Smiling
05 Laughing	Audience 05	1116.0	1116000	1122.8	1122800	6.8	6800	Not Laughing
05 Laughing	Audience 05	1122.8	1122800	1134.96	1134960	12.16	12160	Smiling
05 Laughing	Audience 05	1134.96	1134960	1136.92	1136920	1.96	1960	Not Laughing
05 Laughing	Audience 05	1136.92	1136920	1139.48	1139480	2.56	2560	Smiling
05 Laughing	Audience 05	1139.48	1139480	1168.0	1168000	28.52	28520	Not Laughing
05 Laughing	Audience 05	1168.0	1168000	1175.84	1175840	7.84	7840	Smiling
05 Laughing	Audience 05	1175.84	1175840	1185.12	1185120	9.28	9280	Not Laughing
05 Laughing	Audience 05	1185.12	1185120	1189.88	1189880	4.76	4760	Laughing
05 Laughing	Audience 05	1189.88	1189880	1209.12	1209120	19.24	19240	Not Laughing
05 Laughing	Audience 05	1209.12	1209120	1213.92	1213920	4.8	4800	Laughing
05 Laughing	Audience 05	1213.92	1213920	1252.36	1252360	38.44	38440	Not Laughing  
05 Laughing	Audience 05	1252.36	1252360	1257.96	1257960	5.6	5600	Smiling
05 Laughing	Audience 05	1257.96	1257960	1263.2	1263200	5.24	5240	Not Laughing
05 Laughing	Audience 05	1263.2	1263200	1267.92	1267920	4.72	4720	Smiling
05 Laughing	Audience 05	1267.92	1267920	1284.4	1284400	16.48	16480	Not Laughing
05 Laughing	Audience 05	1284.4	1284400	1298.88	1298880	14.48	14480	Smiling 
05 Laughing	Audience 05	1298.88	1298880	1308.12	1308120	9.24	9240	Not Laughing
05 Laughing	Audience 05	1308.12	1308120	1310.76	1310760	2.64	2640	Smiling
05 Laughing	Audience 05	1310.76	1310760	1323.32	1323320	12.56	12560	Not Laughing
05 Laughing	Audience 05	1323.32	1323320	1346.32	1346320	23.0	23000	Smiling 
05 Laughing	Audience 05	1346.32	1346320	1354.32	1354320	8.0	8000	Laughing
05 Laughing	Audience 05	1354.32	1354320	1356.76	1356760	2.44	2440	Smiling
05 Laughing	Audience 05	1356.76	1356760	1362.24	1362240	5.48	5480	Laughing
05 Laughing	Audience 05	1362.24	1362240	1366.6	1366600	4.36	4360	Smiling
09 Laugh	Audience 09	474.079	474079	484.72	484720	10.641	10641	Smiling
09 Laugh	Audience 09	484.721	484721	491.119	491119	6.398	6398	Not Laughing
09 Laugh	Audience 09	491.12	491120	501.2	501200	10.08	10080	Smiling
09 Laugh	Audience 09	501.239	501239	506.32	506320	5.081	5081	Not Laughing
09 Laugh	Audience 09	506.321	506321	512.119	512119	5.798	5798	Smiling
09 Laugh	Audience 09	512.12	512120	514.895	514895	2.775	2775	Not Laughing
09 Laugh	Audience 09	514.896	514896	525.32	525320	10.424	10424	Smiling
09 Laugh	Audience 09	525.321	525321	530.28	530280	4.959	4959	Laughing
09 Laugh	Audience 09	530.32	530320	535.28	535280	4.96	4960	Not Laughing
09 Laugh	Audience 09	535.281	535281	540.679	540679	5.398	5398	Smiling
09 Laugh	Audience 09	540.68	540680	542.96	542960	2.28	2280	Laughing
09 Laugh	Audience 09	542.961	542961	553.559	553559	10.598	10598	Not Laughing
09 Laugh	Audience 09	553.56	553560	560.52	560520	6.96	6960	Smiling
09 Laugh	Audience 09	560.559	560559	568.52	568520	7.961	7961	Not Laughing
09 Laugh	Audience 09	568.521	568521	586.239	586239	17.718	17718	Smiling
09 Laugh	Audience 09	586.24	586240	586.96	586960	0.72	720	Not Laughing
09 Laugh	Audience 09	586.961	586961	590.52	590520	3.559	3559	Laughing
09 Laugh	Audience 09	590.521	590521	596.08	596080	5.559	5559	Not Laughing
09 Laugh	Audience 09	596.081	596081	605.828	605828	9.747	9747	Smiling
09 Laugh	Audience 09	605.828	605828	637.799	637799	31.971	31971	Not Laughing
09 Laugh	Audience 09	637.8	637800	666.661	666661	28.861	28861	Smiling
09 Laugh	Audience 09	666.662	666662	672.96	672960	6.298	6298	Not Laughing
09 Laugh	Audience 09	672.961	672961	681.32	681320	8.359	8359	Smiling
09 Laugh	Audience 09	681.321	681321	699.76	699760	18.439	18439	Not Laughing
09 Laugh	Audience 09	699.761	699761	709.44	709440	9.679	9679	Smiling
09 Laugh	Audience 09	709.441	709441	713.919	713919	4.478	4478	Not Laughing
09 Laugh	Audience 09	713.92	713920	720.28	720280	6.36	6360	Smiling
09 Laugh	Audience 09	720.281	720281	729.08	729080	8.799	8799	Not Laughing
09 Laugh	Audience 09	729.081	729081	734.88	734880	5.799	5799	Smiling
09 Laugh	Audience 09	734.919	734919	757.84	757840	22.921	22921	Not Laughing
09 Laugh	Audience 09	757.841	757841	765.52	765520	7.679	7679	Smiling
09 Laugh	Audience 09	765.559	765559	769.119	769119	3.56	3560	Not Laughing
09 Laugh	Audience 09	769.12	769120	773.28	773280	4.16	4160	Smiling
09 Laugh	Audience 09	773.32	773320	827.08	827080	53.76	53760	Not Laughing
09 Laugh	Audience 09	827.081	827081	835.479	835479	8.398	8398	Smiling
09 Laugh	Audience 09	835.48	835480	841.039	841039	5.559	5559	Laughing
09 Laugh	Audience 09	841.04	841040	863.799	863799	22.759	22759	Not Laughing
09 Laugh	Audience 09	863.8	863800	866.119	866119	2.319	2319	Smiling
09 Laugh	Audience 09	866.12	866120	869.919	869919	3.799	3799	Not Laughing
09 Laugh	Audience 09	869.92	869920	882.919	882919	12.999	12999	Smiling
09 Laugh	Audience 09	882.92	882920	885.44	885440	2.52	2520	Laughing
09 Laugh	Audience 09	885.441	885441	891.32	891320	5.879	5879	Smiling
09 Laugh	Audience 09	891.321	891321	895.28	895280	3.959	3959	Laughing
09 Laugh	Audience 09	895.281	895281	902.28	902280	6.999	6999	Smiling
09 Laugh	Audience 09	902.281	902281	954.88	954880	52.599	52599	Not Laughing
09 Laugh	Audience 09	954.881	954881	968.426	968426	13.545	13545	Smiling
09 Laugh	Audience 09	968.426	968426	977.836	977836	9.41	9410	Laughing
09 Laugh	Audience 09	977.837	977837	981.156	981156	3.319	3319	Smiling
09 Laugh	Audience 09	981.156	981156	985.239	985239	4.083	4083	Not Laughing
09 Laugh	Audience 09	985.24	985240	986.379	986379	1.139	1139	Not Laughing
09 Laugh	Audience 09	986.38	986380	991.119	991119	4.739	4739	Smiling
09 Laugh	Audience 09	991.159	991159	999.119	999119	7.96	7960	Not Laughing
09 Laugh	Audience 09	999.12	999120	1007.64	1007640	8.52	8520	Smiling
09 Laugh	Audience 09	1007.641	1007641	1013.799	1013799	6.158	6158	Not Laughing
09 Laugh	Audience 09	1013.8	1013800	1021.167	1021167	7.367	7367	Laughing
09 Laugh	Audience 09	1021.167	1021167	1030.484	1030484	9.317	9317	Smiling
09 Laugh	Audience 09	1030.485	1030485	1033.732	1033732	3.247	3247	Laughing
09 Laugh	Audience 09	1033.732	1033732	1034.28	1034280	0.548	548	Not Laughing
09 Laugh	Audience 09	1034.281	1034281	1043.719	1043719	9.438	9438	Smiling
09 Laugh	Audience 09	1043.72	1043720	1045.359	1045359	1.639	1639	Not Laughing
09 Laugh	Audience 09	1045.36	1045360	1048.28	1048280	2.92	2920	Laughing
09 Laugh	Audience 09	1048.281	1048281	1057.119	1057119	8.838	8838	Smiling
09 Laugh	Audience 09	1057.12	1057120	1066.359	1066359	9.239	9239	(null)
09 Laugh	Audience 09	1066.36	1066360	1074.199	1074199	7.839	7839	Laughing
09 Laugh	Audience 09	1074.2	1074200	1075.839	1075839	1.639	1639	Smiling
09 Laugh	Audience 09	1075.84	1075840	1080.359	1080359	4.519	4519	Laughing
09 Laugh	Audience 09	1080.36	1080360	1084.439	1084439	4.079	4079	Not Laughing
09 Laugh	Audience 09	1084.44	1084440	1088.88	1088880	4.44	4440	Laughing
09 Laugh	Audience 09	1088.92	1088920	1095.28	1095280	6.36	6360	Not Laughing
09 Laugh	Audience 09	1095.281	1095281	1109.8	1109800	14.519	14519	Smiling
09 Laugh	Audience 09	1109.801	1109801	1116.64	1116640	6.839	6839	Laughing
09 Laugh	Audience 09	1116.641	1116641	1127.319	1127319	10.678	10678	Smiling
09 Laugh	Audience 09	1127.32	1127320	1131.079	1131079	3.759	3759	Laughing
09 Laugh	Audience 09	1131.08	1131080	1135.92	1135920	4.84	4840	Smiling
09 Laugh	Audience 09	1135.921	1135921	1144.88	1144880	8.959	8959	Laughing
09 Laugh	Audience 09	1144.881	1144881	1168.119	1168119	23.238	23238	Not Laughing
09 Laugh	Audience 09	1168.12	1168120	1175.28	1175280	7.16	7160	Smiling
09 Laugh	Audience 09	1175.281	1175281	1183.68	1183680	8.399	8399	Not Laughing
09 Laugh	Audience 09	1183.681	1183681	1193.68	1193680	9.999	9999	Laughing
09 Laugh	Audience 09	1193.681	1193681	1208.319	1208319	14.638	14638	Not Laughing
09 Laugh	Audience 09	1208.32	1208320	1215.8	1215800	7.48	7480	Laughing
09 Laugh	Audience 09	1215.801	1215801	1230.239	1230239	14.438	14438	Not Laughing
09 Laugh	Audience 09	1230.24	1230240	1236.599	1236599	6.359	6359	Laughing
09 Laugh	Audience 09	1236.64	1236640	1239.16	1239160	2.52	2520	Smiling
09 Laugh	Audience 09	1239.161	1239161	1244.839	1244839	5.678	5678	Laughing
09 Laugh	Audience 09	1244.88	1244880	1263.359	1263359	18.479	18479	Not Laughing
09 Laugh	Audience 09	1263.36	1263360	1269.28	1269280	5.92	5920	Smiling
09 Laugh	Audience 09	1269.281	1269281	1283.4	1283400	14.119	14119	Not Laughing
09 Laugh	Audience 09	1283.401	1283401	1288.119	1288119	4.718	4718	Smiling
09 Laugh	Audience 09	1288.12	1288120	1289.959	1289959	1.839	1839	Not Laughing
09 Laugh	Audience 09	1289.96	1289960	1298.119	1298119	8.159	8159	Smiling
09 Laugh	Audience 09	1298.12	1298120	1306.839	1306839	8.719	8719	Not Laughing
09 Laugh	Audience 09	1306.84	1306840	1310.959	1310959	4.119	4119	Smiling
09 Laugh	Audience 09	1311.0	1311000	1313.28	1313280	2.28	2280	Not Laughing
09 Laugh	Audience 09	1313.281	1313281	1324.52	1324520	11.239	11239	Smiling
09 Laugh	Audience 09	1324.521	1324521	1334.197	1334197	9.676	9676	Laughing
09 Laugh	Audience 09	1334.197	1334197	1337.16	1337160	2.963	2963	Smiling
09 Laugh	Audience 09	1337.161	1337161	1340.119	1340119	2.958	2958	Not Laughing
09 Laugh	Audience 09	1340.12	1340120	1355.012	1355012	14.892	14892	Laughing
09 Laugh	Audience 09	1355.012	1355012	1359.439	1359439	4.427	4427	Smiling
09 Laugh	Audience 09	1359.44	1359440	1361.4	1361400	1.96	1960	Not Laughing
09 Laugh	Audience 09	1361.401	1361401	1366.079	1366079	4.678	4678	Smiling
10 Laugh	Audience 10	474.079	474079	491.359	491359	17.28	17280	Not Laughing
10 Laugh	Audience 10	491.36	491360	500.519	500519	9.159	9159	Smiling
10 Laugh	Audience 10	500.52	500520	506.079	506079	5.559	5559	Not Laughing
10 Laugh	Audience 10	506.08	506080	511.359	511359	5.279	5279	Laughing
10 Laugh	Audience 10	511.36	511360	515.84	515840	4.48	4480	Smiling
10 Laugh	Audience 10	515.841	515841	527.239	527239	11.398	11398	Not Laughing
10 Laugh	Audience 10	527.24	527240	534.2	534200	6.96	6960	Smiling
10 Laugh	Audience 10	534.201	534201	535.919	535919	1.718	1718	Not Laughing
10 Laugh	Audience 10	535.92	535920	545.559	545559	9.639	9639	Smiling
10 Laugh	Audience 10	545.56	545560	554.159	554159	8.599	8599	Not Laughing
10 Laugh	Audience 10	554.16	554160	564.679	564679	10.519	10519	Smiling
10 Laugh	Audience 10	564.68	564680	569.84	569840	5.16	5160	Not Laughing
10 Laugh	Audience 10	569.841	569841	575.2	575200	5.359	5359	Smiling
10 Laugh	Audience 10	575.2	575200	579.919	579919	4.719	4719	Not Laughing
10 Laugh	Audience 10	579.92	579920	587.239	587239	7.319	7319	Smiling
10 Laugh	Audience 10	587.24	587240	590.599	590599	3.359	3359	Laughing
10 Laugh	Audience 10	590.64	590640	597.88	597880	7.24	7240	Not Laughing
10 Laugh	Audience 10	597.881	597881	603.679	603679	5.798	5798	Smiling
10 Laugh	Audience 10	603.68	603680	616.359	616359	12.679	12679	Not Laughing
10 Laugh	Audience 10	616.36	616360	622.2	622200	5.84	5840	Not Laughing
10 Laugh	Audience 10	622.201	622201	639.159	639159	16.958	16958	Not Laughing
10 Laugh	Audience 10	639.16	639160	641.119	641119	1.959	1959	Indeterminate
10 Laugh	Audience 10	641.12	641120	663.08	663080	21.96	21960	Smiling
10 Laugh	Audience 10	663.081	663081	666.359	666359	3.278	3278	Laughing
10 Laugh	Audience 10	666.36	666360	699.84	699840	33.48	33480	Not Laughing
10 Laugh	Audience 10	699.841	699841	707.84	707840	7.999	7999	Laughing
10 Laugh	Audience 10	707.841	707841	713.559	713559	5.718	5718	Not Laughing
10 Laugh	Audience 10	713.56	713560	730.0	730000	16.44	16440	Smiling
10 Laugh	Audience 10	730.001	730001	734.719	734719	4.718	4718	Laughing
10 Laugh	Audience 10	734.72	734720	755.039	755039	20.319	20319	Not Laughing
10 Laugh	Audience 10	755.04	755040	787.88	787880	32.84	32840	Smiling
10 Laugh	Audience 10	787.88	787880	790.88	790880	3.0	3000	Laughing
10 Laugh	Audience 10	790.881	790881	817.159	817159	26.278	26278	Not Laughing
10 Laugh	Audience 10	817.16	817160	834.84	834840	17.68	17680	Smiling
10 Laugh	Audience 10	834.841	834841	836.0	836000	1.159	1159	Not Laughing
10 Laugh	Audience 10	836.001	836001	840.159	840159	4.158	4158	Laughing
10 Laugh	Audience 10	840.16	840160	842.119	842119	1.959	1959	Smiling
10 Laugh	Audience 10	842.12	842120	878.159	878159	36.039	36039	Not Laughing
10 Laugh	Audience 10	878.16	878160	885.84	885840	7.68	7680	Smiling
10 Laugh	Audience 10	885.841	885841	896.799	896799	10.958	10958	Not Laughing
10 Laugh	Audience 10	896.8	896800	905.359	905359	8.559	8559	Smiling
10 Laugh	Audience 10	905.36	905360	942.239	942239	36.879	36879	Not Laughing
10 Laugh	Audience 10	942.24	942240	985.359	985359	43.119	43119	Smiling
10 Laugh	Audience 10	985.36	985360	1009.64	1009640	24.28	24280	Not Laughing
10 Laugh	Audience 10	1009.641	1009641	1016.2	1016200	6.559	6559	Smiling
10 Laugh	Audience 10	1016.201	1016201	1020.52	1020520	4.319	4319	Laughing
10 Laugh	Audience 10	1020.521	1020521	1044.719	1044719	24.198	24198	Smiling
10 Laugh	Audience 10	1044.72	1044720	1045.959	1045959	1.239	1239	Not Laughing
10 Laugh	Audience 10	1045.96	1045960	1073.119	1073119	27.159	27159	Smiling
10 Laugh	Audience 10	1073.12	1073120	1076.719	1076719	3.599	3599	Not Laughing
10 Laugh	Audience 10	1076.72	1076720	1080.28	1080280	3.56	3560	Smiling
10 Laugh	Audience 10	1080.281	1080281	1084.92	1084920	4.639	4639	Not Laughing
10 Laugh	Audience 10	1084.921	1084921	1114.359	1114359	29.438	29438	Smiling
10 Laugh	Audience 10	1114.36	1114360	1117.839	1117839	3.479	3479	Laughing
10 Laugh	Audience 10	1117.84	1117840	1125.52	1125520	7.68	7680	Smiling
10 Laugh	Audience 10	1125.521	1125521	1128.479	1128479	2.958	2958	Laughing
10 Laugh	Audience 10	1128.48	1128480	1143.76	1143760	15.28	15280	Smiling
10 Laugh	Audience 10	1143.761	1143761	1185.56	1185560	41.799	41799	Not Laughing
10 Laugh	Audience 10	1185.561	1185561	1187.079	1187079	1.518	1518	Smiling
10 Laugh	Audience 10	1187.08	1187080	1191.839	1191839	4.759	4759	Laughing
10 Laugh	Audience 10	1191.84	1191840	1208.04	1208040	16.2	16200	Not Laughing
10 Laugh	Audience 10	1208.041	1208041	1232.04	1232040	23.999	23999	Smiling
10 Laugh	Audience 10	1232.041	1232041	1236.76	1236760	4.719	4719	Laughing
10 Laugh	Audience 10	1236.761	1236761	1250.239	1250239	13.478	13478	Smiling
10 Laugh	Audience 10	1250.24	1250240	1253.8	1253800	3.56	3560	Not Laughing
10 Laugh	Audience 10	1253.801	1253801	1256.839	1256839	3.038	3038	Smiling
10 Laugh	Audience 10	1256.84	1256840	1264.92	1264920	8.08	8080	Not Laughing
10 Laugh	Audience 10	1264.921	1264921	1268.0	1268000	3.079	3079	Smiling
10 Laugh	Audience 10	1268.001	1268001	1283.359	1283359	15.358	15358	Not Laughing
10 Laugh	Audience 10	1283.36	1283360	1289.16	1289160	5.8	5800	Smiling
10 Laugh	Audience 10	1289.161	1289161	1292.88	1292880	3.719	3719	Not Laughing
10 Laugh	Audience 10	1292.881	1292881	1301.52	1301520	8.639	8639	Smiling
10 Laugh	Audience 10	1301.521	1301521	1306.92	1306920	5.399	5399	Not Laughing
10 Laugh	Audience 10	1306.921	1306921	1312.4	1312400	5.479	5479	Smiling
10 Laugh	Audience 10	1312.401	1312401	1313.52	1313520	1.119	1119	Not Laughing
10 Laugh	Audience 10	1313.521	1313521	1319.0	1319000	5.479	5479	Smiling
10 Laugh	Audience 10	1319.001	1319001	1325.959	1325959	6.958	6958	Not Laughing
10 Laugh	Audience 10	1325.96	1325960	1338.239	1338239	12.279	12279	Laughing
10 Laugh	Audience 10	1338.24	1338240	1340.319	1340319	2.079	2079	Not Laughing
10 Laugh	Audience 10	1340.32	1340320	1353.599	1353599	13.279	13279	Laughing
10 Laugh	Audience 10	1353.6	1353600	1366.04	1366040	12.44	12440	Smiling
07 Laugh	Audience 07	474.079	474079	477.615	477615	3.536	3536	Smiling
07 Laugh	Audience 07	477.615	477615	480.6	480600	2.985	2985	Not Laughing
07 Laugh	Audience 07	480.601	480601	486.16	486160	5.559	5559	Smiling
07 Laugh	Audience 07	486.161	486161	491.04	491040	4.879	4879	Not Laughing
07 Laugh	Audience 07	491.041	491041	501.959	501959	10.918	10918	Smiling
07 Laugh	Audience 07	501.96	501960	506.079	506079	4.119	4119	Not Laughing
07 Laugh	Audience 07	506.08	506080	509.92	509920	3.84	3840	Laughing
07 Laugh	Audience 07	509.921	509921	514.039	514039	4.118	4118	Not Laughing
07 Laugh	Audience 07	514.04	514040	515.559	515559	1.519	1519	Smiling
07 Laugh	Audience 07	515.56	515560	520.559	520559	4.999	4999	Not Laughing
07 Laugh	Audience 07	520.56	520560	527.159	527159	6.599	6599	Laughing
07 Laugh	Audience 07	527.16	527160	539.44	539440	12.28	12280	Not Laughing
07 Laugh	Audience 07	539.441	539441	543.679	543679	4.238	4238	Laughing
07 Laugh	Audience 07	543.68	543680	547.88	547880	4.2	4200	Not Laughing
07 Laugh	Audience 07	547.881	547881	550.76	550760	2.879	2879	Smiling
07 Laugh	Audience 07	550.761	550761	553.919	553919	3.158	3158	Not Laughing
07 Laugh	Audience 07	553.92	553920	555.599	555599	1.679	1679	Laughing
07 Laugh	Audience 07	555.6	555600	562.76	562760	7.16	7160	Smiling
07 Laugh	Audience 07	562.761	562761	567.32	567320	4.559	4559	Not Laughing
07 Laugh	Audience 07	567.321	567321	573.679	573679	6.358	6358	Smiling
07 Laugh	Audience 07	573.68	573680	579.679	579679	5.999	5999	Not Laughing
07 Laugh	Audience 07	579.68	579680	582.039	582039	2.359	2359	Laughing
07 Laugh	Audience 07	582.04	582040	586.559	586559	4.519	4519	Not Laughing
07 Laugh	Audience 07	586.56	586560	590.359	590359	3.799	3799	Laughing
07 Laugh	Audience 07	590.36	590360	597.88	597880	7.52	7520	Not Laughing
07 Laugh	Audience 07	597.881	597881	604.919	604919	7.038	7038	Laughing
07 Laugh	Audience 07	604.92	604920	616.88	616880	11.96	11960	Not Laughing
07 Laugh	Audience 07	616.881	616881	622.395	622395	5.514	5514	Laughing
07 Laugh	Audience 07	622.395	622395	631.64	631640	9.245	9245	Not Laughing
07 Laugh	Audience 07	631.641	631641	634.919	634919	3.278	3278	Smiling
07 Laugh	Audience 07	634.92	634920	638.239	638239	3.319	3319	Not Laughing
07 Laugh	Audience 07	638.24	638240	643.28	643280	5.04	5040	Laughing
07 Laugh	Audience 07	643.281	643281	645.119	645119	1.838	1838	Smiling
07 Laugh	Audience 07	645.12	645120	648.559	648559	3.439	3439	Laughing
07 Laugh	Audience 07	648.56	648560	654.64	654640	6.08	6080	Smiling
07 Laugh	Audience 07	654.641	654641	658.96	658960	4.319	4319	Laughing
07 Laugh	Audience 07	658.961	658961	662.44	662440	3.479	3479	Smiling
07 Laugh	Audience 07	662.441	662441	666.4	666400	3.959	3959	Laughing
07 Laugh	Audience 07	666.44	666440	674.479	674479	8.039	8039	Not Laughing
07 Laugh	Audience 07	674.48	674480	677.719	677719	3.239	3239	Smiling
07 Laugh	Audience 07	677.72	677720	701.0	701000	23.28	23280	Not Laughing
07 Laugh	Audience 07	701.001	701001	704.119	704119	3.118	3118	Laughing
07 Laugh	Audience 07	704.12	704120	713.239	713239	9.119	9119	Not Laughing
07 Laugh	Audience 07	713.24	713240	717.559	717559	4.319	4319	Laughing
07 Laugh	Audience 07	717.56	717560	730.039	730039	12.479	12479	Not Laughing
07 Laugh	Audience 07	730.04	730040	734.32	734320	4.28	4280	Laughing
07 Laugh	Audience 07	734.321	734321	749.719	749719	15.398	15398	Not Laughing
07 Laugh	Audience 07	749.72	749720	752.08	752080	2.36	2360	Smiling
07 Laugh	Audience 07	752.081	752081	754.039	754039	1.958	1958	Indeterminate
07 Laugh	Audience 07	754.04	754040	755.119	755119	1.079	1079	Not Laughing
07 Laugh	Audience 07	755.12	755120	757.84	757840	2.72	2720	Smiling
07 Laugh	Audience 07	757.841	757841	760.599	760599	2.758	2758	Laughing
07 Laugh	Audience 07	760.6	760600	766.479	766479	5.879	5879	Smiling
07 Laugh	Audience 07	766.48	766480	770.76	770760	4.28	4280	Not Laughing
07 Laugh	Audience 07	770.761	770761	774.32	774320	3.559	3559	Smiling
07 Laugh	Audience 07	774.321	774321	786.84	786840	12.519	12519	Not Laughing
07 Laugh	Audience 07	786.841	786841	794.919	794919	8.078	8078	Smiling
07 Laugh	Audience 07	794.92	794920	812.88	812880	17.96	17960	Not Laughing
07 Laugh	Audience 07	812.881	812881	814.599	814599	1.718	1718	Smiling
07 Laugh	Audience 07	814.6	814600	821.32	821320	6.72	6720	Not Laughing
07 Laugh	Audience 07	821.321	821321	823.52	823520	2.199	2199	Smiling
07 Laugh	Audience 07	823.521	823521	826.799	826799	3.278	3278	Not Laughing
07 Laugh	Audience 07	826.8	826800	831.799	831799	4.999	4999	Indeterminate
07 Laugh	Audience 07	831.8	831800	835.44	835440	3.64	3640	Smiling
07 Laugh	Audience 07	835.441	835441	841.08	841080	5.639	5639	Laughing
07 Laugh	Audience 07	841.081	841081	854.119	854119	13.038	13038	Not Laughing
07 Laugh	Audience 07	854.12	854120	855.679	855679	1.559	1559	Smiling
07 Laugh	Audience 07	855.68	855680	871.239	871239	15.559	15559	Not Laughing
07 Laugh	Audience 07	871.24	871240	885.657	885657	14.417	14417	Smiling
07 Laugh	Audience 07	885.657	885657	891.686	891686	6.029	6029	Not Laughing
07 Laugh	Audience 07	891.686	891686	896.52	896520	4.834	4834	Smiling
07 Laugh	Audience 07	896.521	896521	903.039	903039	6.518	6518	Laughing
07 Laugh	Audience 07	903.04	903040	939.479	939479	36.439	36439	Not Laughing
07 Laugh	Audience 07	939.48	939480	944.679	944679	5.199	5199	Smiling
07 Laugh	Audience 07	944.68	944680	952.239	952239	7.559	7559	Not Laughing
07 Laugh	Audience 07	952.24	952240	958.039	958039	5.799	5799	Laughing
07 Laugh	Audience 07	958.04	958040	959.479	959479	1.439	1439	Smiling
07 Laugh	Audience 07	959.48	959480	969.719	969719	10.239	10239	Not Laughing
07 Laugh	Audience 07	969.72	969720	972.559	972559	2.839	2839	Laughing
07 Laugh	Audience 07	972.599	972599	972.719	972719	0.12	120	Smiling
07 Laugh	Audience 07	972.72	972720	977.039	977039	4.319	4319	Laughing
07 Laugh	Audience 07	977.04	977040	979.359	979359	2.319	2319	Indeterminate
07 Laugh	Audience 07	979.36	979360	983.96	983960	4.6	4600	Not Laughing
07 Laugh	Audience 07	983.961	983961	986.2	986200	2.239	2239	Smiling
07 Laugh	Audience 07	986.201	986201	986.599	986599	0.398	398	Not Laughing
07 Laugh	Audience 07	986.6	986600	991.919	991919	5.319	5319	Laughing
07 Laugh	Audience 07	991.92	991920	1013.799	1013799	21.879	21879	Not Laughing
07 Laugh	Audience 07	1013.8	1013800	1022.4	1022400	8.6	8600	Laughing
07 Laugh	Audience 07	1022.401	1022401	1026.839	1026839	4.438	4438	Smiling
07 Laugh	Audience 07	1026.84	1026840	1031.56	1031560	4.72	4720	Indeterminate
07 Laugh	Audience 07	1031.561	1031561	1035.599	1035599	4.038	4038	Smiling
07 Laugh	Audience 07	1035.6	1035600	1039.0	1039000	3.4	3400	Not Laughing
07 Laugh	Audience 07	1039.001	1039001	1045.52	1045520	6.519	6519	Smiling
07 Laugh	Audience 07	1045.521	1045521	1051.479	1051479	5.958	5958	Laughing
07 Laugh	Audience 07	1051.48	1051480	1066.76	1066760	15.28	15280	Not Laughing
07 Laugh	Audience 07	1066.761	1066761	1069.719	1069719	2.958	2958	Smiling
07 Laugh	Audience 07	1069.72	1069720	1075.4	1075400	5.68	5680	Laughing
07 Laugh	Audience 07	1075.401	1075401	1076.719	1076719	1.318	1318	Smiling
07 Laugh	Audience 07	1076.72	1076720	1081.4	1081400	4.68	4680	Laughing
07 Laugh	Audience 07	1081.401	1081401	1083.64	1083640	2.239	2239	Not Laughing
07 Laugh	Audience 07	1083.641	1083641	1089.959	1089959	6.318	6318	Laughing
07 Laugh	Audience 07	1090.0	1090000	1104.64	1104640	14.64	14640	Not Laughing
07 Laugh	Audience 07	1104.641	1104641	1107.119	1107119	2.478	2478	Smiling
07 Laugh	Audience 07	1107.12	1107120	1110.52	1110520	3.4	3400	Not Laughing
07 Laugh	Audience 07	1110.521	1110521	1115.56	1115560	5.039	5039	Smiling
07 Laugh	Audience 07	1115.561	1115561	1122.479	1122479	6.918	6918	Not Laughing
07 Laugh	Audience 07	1122.479	1122479	1124.719	1124719	2.24	2240	Smiling
07 Laugh	Audience 07	1124.72	1124720	1128.359	1128359	3.639	3639	Not Laughing
07 Laugh	Audience 07	1128.36	1128360	1130.88	1130880	2.52	2520	Smiling
07 Laugh	Audience 07	1130.881	1130881	1135.479	1135479	4.598	4598	Not Laughing
07 Laugh	Audience 07	1135.48	1135480	1145.199	1145199	9.719	9719	Laughing
07 Laugh	Audience 07	1145.2	1145200	1167.959	1167959	22.759	22759	Not Laughing
07 Laugh	Audience 07	1167.96	1167960	1171.76	1171760	3.8	3800	Smiling
07 Laugh	Audience 07	1171.761	1171761	1184.88	1184880	13.119	13119	Not Laughing
07 Laugh	Audience 07	1184.881	1184881	1191.64	1191640	6.759	6759	Laughing
07 Laugh	Audience 07	1191.641	1191641	1208.52	1208520	16.879	16879	Not Laughing
07 Laugh	Audience 07	1208.521	1208521	1215.319	1215319	6.798	6798	Laughing
07 Laugh	Audience 07	1215.32	1215320	1215.959	1215959	0.639	639	Not Laughing
07 Laugh	Audience 07	1215.96	1215960	1218.239	1218239	2.279	2279	Smiling
07 Laugh	Audience 07	1218.28	1218280	1230.92	1230920	12.64	12640	Not Laughing
07 Laugh	Audience 07	1230.921	1230921	1236.839	1236839	5.918	5918	Smiling
07 Laugh	Audience 07	1236.84	1236840	1243.439	1243439	6.599	6599	Laughing
07 Laugh	Audience 07	1243.44	1243440	1247.56	1247560	4.12	4120	Indeterminate
07 Laugh	Audience 07	1247.561	1247561	1262.92	1262920	15.359	15359	Not Laughing
07 Laugh	Audience 07	1262.921	1262921	1267.119	1267119	4.198	4198	Smiling
07 Laugh	Audience 07	1267.12	1267120	1270.56	1270560	3.44	3440	Indeterminate
07 Laugh	Audience 07	1270.561	1270561	1283.28	1283280	12.719	12719	Not Laughing
07 Laugh	Audience 07	1283.281	1283281	1286.76	1286760	3.479	3479	Laughing
07 Laugh	Audience 07	1286.8	1286800	1290.76	1290760	3.96	3960	Not Laughing
07 Laugh	Audience 07	1290.761	1290761	1296.76	1296760	5.999	5999	Smiling
07 Laugh	Audience 07	1296.761	1296761	1307.0	1307000	10.239	10239	Not Laughing
07 Laugh	Audience 07	1307.001	1307001	1310.359	1310359	3.358	3358	Laughing
07 Laugh	Audience 07	1310.4	1310400	1312.28	1312280	1.88	1880	Not Laughing
07 Laugh	Audience 07	1312.281	1312281	1314.76	1314760	2.479	2479	Smiling
07 Laugh	Audience 07	1314.761	1314761	1316.599	1316599	1.838	1838	Laughing
07 Laugh	Audience 07	1316.6	1316600	1323.56	1323560	6.96	6960	Not Laughing
07 Laugh	Audience 07	1323.561	1323561	1327.199	1327199	3.638	3638	Smiling
07 Laugh	Audience 07	1327.2	1327200	1332.719	1332719	5.519	5519	Laughing
07 Laugh	Audience 07	1332.72	1332720	1340.839	1340839	8.119	8119	Not Laughing
07 Laugh	Audience 07	1340.84	1340840	1354.038	1354038	13.198	13198	Laughing
07 Laugh	Audience 07	1354.039	1354039	1355.959	1355959	1.92	1920	Not Laughing
07 Laugh	Audience 07	1355.96	1355960	1359.64	1359640	3.68	3680	Smiling
07 Laugh	Audience 07	1359.641	1359641	1361.439	1361439	1.798	1798	Not Laughing
07 Laugh	Audience 07	1361.44	1361440	1363.92	1363920	2.48	2480	Laughing
07 Laugh	Audience 07	1363.921	1363921	1364.719	1364719	0.798	798	Smiling
07 Laugh	Audience 07	1364.72	1364720	1366.079	1366079	1.359	1359	Laughing
06 Laugh	Audience 06	474.102	474102	476.063	476063	1.961	1961	Smiling
06 Laugh	Audience 06	476.114	476114	478.72	478720	2.606	2606	Indeterminate
06 Laugh	Audience 06	478.72	478720	481.04	481040	2.32	2320	Smiling
06 Laugh	Audience 06	481.04	481040	496.119	496119	15.079	15079	Not Laughing
06 Laugh	Audience 06	496.119	496119	498.959	498959	2.84	2840	Smiling
06 Laugh	Audience 06	499.0	499000	507.799	507799	8.799	8799	Not Laughing
06 Laugh	Audience 06	507.8	507800	514.599	514599	6.799	6799	Not Laughing
06 Laugh	Audience 06	514.599	514599	519.119	519119	4.52	4520	Indeterminate
06 Laugh	Audience 06	519.119	519119	521.119	521119	2.0	2000	Not Laughing
06 Laugh	Audience 06	521.119	521119	526.479	526479	5.36	5360	Indeterminate
06 Laugh	Audience 06	526.479	526479	527.64	527640	1.161	1161	Laughing
06 Laugh	Audience 06	527.64	527640	532.834	532834	5.194	5194	Smiling
06 Laugh	Audience 06	532.834	532834	536.52	536520	3.686	3686	Not Laughing
06 Laugh	Audience 06	536.521	536521	539.84	539840	3.319	3319	Smiling
06 Laugh	Audience 06	539.842	539842	545.789	545789	5.947	5947	Indeterminate
06 Laugh	Audience 06	545.789	545789	548.741	548741	2.952	2952	Not Laughing
06 Laugh	Audience 06	548.742	548742	561.479	561479	12.737	12737	Indeterminate
06 Laugh	Audience 06	561.48	561480	587.599	587599	26.119	26119	Not Laughing
06 Laugh	Audience 06	587.6	587600	590.039	590039	2.439	2439	Laughing
06 Laugh	Audience 06	590.04	590040	596.919	596919	6.879	6879	Not Laughing
06 Laugh	Audience 06	596.92	596920	600.599	600599	3.679	3679	Smiling
06 Laugh	Audience 06	600.6	600600	616.039	616039	15.439	15439	Not Laughing
06 Laugh	Audience 06	616.04	616040	619.679	619679	3.639	3639	Smiling
06 Laugh	Audience 06	619.68	619680	637.4	637400	17.72	17720	Not Laughing
06 Laugh	Audience 06	637.401	637401	640.239	640239	2.838	2838	Laughing
06 Laugh	Audience 06	640.28	640280	648.08	648080	7.8	7800	Smiling
06 Laugh	Audience 06	648.081	648081	662.039	662039	13.958	13958	Not Laughing
06 Laugh	Audience 06	662.04	662040	663.799	663799	1.759	1759	Laughing
06 Laugh	Audience 06	663.8	663800	701.44	701440	37.64	37640	Not Laughing
06 Laugh	Audience 06	701.441	701441	703.84	703840	2.399	2399	Laughing
06 Laugh	Audience 06	703.841	703841	712.84	712840	8.999	8999	Not Laughing
06 Laugh	Audience 06	712.841	712841	718.52	718520	5.679	5679	Indeterminate
06 Laugh	Audience 06	718.521	718521	730.599	730599	12.078	12078	Not Laughing
06 Laugh	Audience 06	730.64	730640	732.799	732799	2.159	2159	Laughing
06 Laugh	Audience 06	732.84	732840	749.719	749719	16.879	16879	Not Laughing
06 Laugh	Audience 06	749.72	749720	758.119	758119	8.399	8399	Smiling
06 Laugh	Audience 06	758.12	758120	761.239	761239	3.119	3119	Indeterminate
06 Laugh	Audience 06	761.24	761240	786.145	786145	24.905	24905	Not Laughing
06 Laugh	Audience 06	786.145	786145	787.679	787679	1.534	1534	Laughing
06 Laugh	Audience 06	787.68	787680	826.28	826280	38.6	38600	Not Laughing
06 Laugh	Audience 06	826.281	826281	830.88	830880	4.599	4599	Laughing
06 Laugh	Audience 06	830.881	830881	835.76	835760	4.879	4879	Smiling
06 Laugh	Audience 06	835.761	835761	838.96	838960	3.199	3199	Laughing
06 Laugh	Audience 06	838.961	838961	841.599	841599	2.638	2638	Smiling
06 Laugh	Audience 06	841.6	841600	870.0	870000	28.4	28400	Not Laughing
06 Laugh	Audience 06	870.001	870001	886.479	886479	16.478	16478	Indeterminate
06 Laugh	Audience 06	886.48	886480	896.159	896159	9.679	9679	Not Laughing
06 Laugh	Audience 06	896.16	896160	902.119	902119	5.959	5959	Smiling
06 Laugh	Audience 06	902.12	902120	938.96	938960	36.84	36840	Not Laughing
06 Laugh	Audience 06	938.961	938961	946.44	946440	7.479	7479	Smiling
06 Laugh	Audience 06	946.441	946441	953.2	953200	6.759	6759	Not Laughing
06 Laugh	Audience 06	953.201	953201	954.359	954359	1.158	1158	Laughing
06 Laugh	Audience 06	954.36	954360	960.0	960000	5.64	5640	Indeterminate
06 Laugh	Audience 06	960.001	960001	965.4	965400	5.399	5399	Not Laughing
06 Laugh	Audience 06	965.401	965401	969.719	969719	4.318	4318	Smiling
06 Laugh	Audience 06	969.72	969720	972.239	972239	2.519	2519	Laughing
06 Laugh	Audience 06	972.24	972240	985.719	985719	13.479	13479	Smiling
06 Laugh	Audience 06	985.72	985720	990.52	990520	4.8	4800	Indeterminate
06 Laugh	Audience 06	990.521	990521	1014.4	1014400	23.879	23879	Not Laughing
06 Laugh	Audience 06	1014.401	1014401	1026.16	1026160	11.759	11759	Laughing
06 Laugh	Audience 06	1026.161	1026161	1031.599	1031599	5.438	5438	Smiling
06 Laugh	Audience 06	1031.6	1031600	1033.64	1033640	2.04	2040	Not Laughing
06 Laugh	Audience 06	1033.641	1033641	1036.4	1036400	2.759	2759	Smiling
06 Laugh	Audience 06	1036.401	1036401	1039.8	1039800	3.399	3399	Not Laughing
06 Laugh	Audience 06	1039.801	1039801	1041.92	1041920	2.119	2119	Laughing
06 Laugh	Audience 06	1041.921	1041921	1045.359	1045359	3.438	3438	Smiling
06 Laugh	Audience 06	1045.36	1045360	1048.359	1048359	2.999	2999	Indeterminate
06 Laugh	Audience 06	1048.36	1048360	1070.599	1070599	22.239	22239	Not Laughing
06 Laugh	Audience 06	1070.6	1070600	1074.68	1074680	4.08	4080	Laughing
06 Laugh	Audience 06	1074.681	1074681	1083.8	1083800	9.119	9119	Smiling
06 Laugh	Audience 06	1083.801	1083801	1098.52	1098520	14.719	14719	Laughing
06 Laugh	Audience 06	1098.521	1098521	1110.319	1110319	11.798	11798	Not Laughing
06 Laugh	Audience 06	1110.32	1110320	1115.947	1115947	5.627	5627	Indeterminate
06 Laugh	Audience 06	1115.947	1115947	1124.64	1124640	8.693	8693	Not Laughing
06 Laugh	Audience 06	1124.641	1124641	1134.106	1134106	9.465	9465	Smiling
06 Laugh	Audience 06	1134.106	1134106	1135.479	1135479	1.373	1373	Not Laughing
06 Laugh	Audience 06	1135.48	1135480	1139.64	1139640	4.16	4160	Smiling
06 Laugh	Audience 06	1139.641	1139641	1145.359	1145359	5.718	5718	Laughing
06 Laugh	Audience 06	1145.36	1145360	1147.04	1147040	1.68	1680	Not Laughing
06 Laugh	Audience 06	1147.04	1147040	1167.56	1167560	20.52	20520	Not Laughing
06 Laugh	Audience 06	1167.56	1167560	1175.199	1175199	7.639	7639	Indeterminate
06 Laugh	Audience 06	1175.2	1175200	1185.052	1185052	9.852	9852	Not Laughing
06 Laugh	Audience 06	1185.053	1185053	1195.199	1195199	10.146	10146	Indeterminate
06 Laugh	Audience 06	1195.2	1195200	1208.64	1208640	13.44	13440	Not Laughing
06 Laugh	Audience 06	1208.641	1208641	1211.359	1211359	2.718	2718	Laughing
06 Laugh	Audience 06	1211.36	1211360	1223.091	1223091	11.731	11731	Indeterminate
06 Laugh	Audience 06	1223.091	1223091	1232.295	1232295	9.204	9204	Not Laughing
06 Laugh	Audience 06	1232.295	1232295	1235.8	1235800	3.505	3505	Indeterminate
06 Laugh	Audience 06	1235.801	1235801	1240.839	1240839	5.038	5038	Not Laughing
06 Laugh	Audience 06	1240.84	1240840	1246.359	1246359	5.519	5519	Indeterminate
06 Laugh	Audience 06	1246.36	1246360	1283.239	1283239	36.879	36879	Not Laughing
06 Laugh	Audience 06	1283.24	1283240	1285.719	1285719	2.479	2479	Laughing
06 Laugh	Audience 06	1285.72	1285720	1306.76	1306760	21.04	21040	Not Laughing
06 Laugh	Audience 06	1306.761	1306761	1309.359	1309359	2.598	2598	Laughing
06 Laugh	Audience 06	1309.36	1309360	1323.239	1323239	13.879	13879	Not Laughing
06 Laugh	Audience 06	1323.24	1323240	1325.68	1325680	2.44	2440	Indeterminate
06 Laugh	Audience 06	1325.681	1325681	1340.439	1340439	14.758	14758	Smiling
06 Laugh	Audience 06	1340.44	1340440	1352.079	1352079	11.639	11639	Laughing
06 Laugh	Audience 06	1352.08	1352080	1355.359	1355359	3.279	3279	Not Laughing
06 Laugh	Audience 06	1355.36	1355360	1358.439	1358439	3.079	3079	Smiling
06 Laugh	Audience 06	1358.44	1358440	1361.319	1361319	2.879	2879	Not Laughing
06 Laugh	Audience 06	1361.32	1361320	1365.005	1365005	3.685	3685	Indeterminate
06 Laugh	Audience 06	1365.005	1365005	1366.0	1366000	0.995	995	Laughing
08 Laugh	Audience 08	474.04	474040	480.399	480399	6.359	6359	Smiling
08 Laugh	Audience 08	480.4	480400	520.599	520599	40.199	40199	Not Laughing
08 Laugh	Audience 08	520.6	520600	532.359	532359	11.759	11759	Smiling
08 Laugh	Audience 08	532.36	532360	534.08	534080	1.72	1720	Indeterminate
08 Laugh	Audience 08	534.081	534081	548.32	548320	14.239	14239	Not Laughing
08 Laugh	Audience 08	548.321	548321	559.84	559840	11.519	11519	Smiling
08 Laugh	Audience 08	559.841	559841	566.719	566719	6.878	6878	Not Laughing
08 Laugh	Audience 08	566.72	566720	571.359	571359	4.639	4639	Smiling
08 Laugh	Audience 08	571.36	571360	573.64	573640	2.28	2280	Indeterminate
08 Laugh	Audience 08	573.679	573679	586.08	586080	12.401	12401	Smiling
08 Laugh	Audience 08	586.081	586081	588.2	588200	2.119	2119	Not Laughing
08 Laugh	Audience 08	588.201	588201	590.359	590359	2.158	2158	Smiling
08 Laugh	Audience 08	590.36	590360	598.84	598840	8.48	8480	Not Laughing
08 Laugh	Audience 08	598.841	598841	611.251	611251	12.41	12410	Smiling
08 Laugh	Audience 08	611.251	611251	617.095	617095	5.844	5844	Not Laughing
08 Laugh	Audience 08	617.095	617095	625.817	625817	8.722	8722	Smiling
08 Laugh	Audience 08	625.818	625818	631.44	631440	5.622	5622	Not Laughing
08 Laugh	Audience 08	631.441	631441	636.679	636679	5.238	5238	Smiling
08 Laugh	Audience 08	636.719	636719	637.719	637719	1.0	1000	Not Laughing
08 Laugh	Audience 08	637.72	637720	640.679	640679	2.959	2959	Laughing
08 Laugh	Audience 08	640.68	640680	644.479	644479	3.799	3799	Indeterminate
08 Laugh	Audience 08	644.48	644480	657.599	657599	13.119	13119	Smiling
08 Laugh	Audience 08	657.6	657600	672.799	672799	15.199	15199	Not Laughing
08 Laugh	Audience 08	672.8	672800	687.08	687080	14.28	14280	Smiling
08 Laugh	Audience 08	687.081	687081	700.719	700719	13.638	13638	Not Laughing
08 Laugh	Audience 08	700.72	700720	706.479	706479	5.759	5759	Smiling
08 Laugh	Audience 08	706.48	706480	729.88	729880	23.4	23400	Not Laughing
08 Laugh	Audience 08	729.881	729881	736.039	736039	6.158	6158	Smiling
08 Laugh	Audience 08	736.04	736040	755.28	755280	19.24	19240	Not Laughing
08 Laugh	Audience 08	755.281	755281	766.359	766359	11.078	11078	Smiling
08 Laugh	Audience 08	766.36	766360	788.039	788039	21.679	21679	Not Laughing
08 Laugh	Audience 08	788.04	788040	792.719	792719	4.679	4679	Smiling
08 Laugh	Audience 08	792.72	792720	821.359	821359	28.639	28639	Not Laughing
08 Laugh	Audience 08	821.36	821360	823.96	823960	2.6	2600	Smiling
08 Laugh	Audience 08	823.961	823961	827.479	827479	3.518	3518	Not Laughing
08 Laugh	Audience 08	827.48	827480	835.799	835799	8.319	8319	Smiling
08 Laugh	Audience 08	835.8	835800	839.32	839320	3.52	3520	Laughing
08 Laugh	Audience 08	839.321	839321	870.52	870520	31.199	31199	Not Laughing
08 Laugh	Audience 08	870.521	870521	874.919	874919	4.398	4398	Smiling
08 Laugh	Audience 08	874.96	874960	877.919	877919	2.959	2959	Not Laughing
08 Laugh	Audience 08	877.92	877920	885.919	885919	7.999	7999	Smiling
08 Laugh	Audience 08	885.96	885960	896.359	896359	10.399	10399	Not Laughing
08 Laugh	Audience 08	896.36	896360	902.799	902799	6.439	6439	Smiling
08 Laugh	Audience 08	902.84	902840	926.239	926239	23.399	23399	Not Laughing
08 Laugh	Audience 08	926.24	926240	928.719	928719	2.479	2479	Indeterminate
08 Laugh	Audience 08	928.72	928720	938.599	938599	9.879	9879	Not Laughing
08 Laugh	Audience 08	938.6	938600	947.479	947479	8.879	8879	Smiling
08 Laugh	Audience 08	947.48	947480	952.679	952679	5.199	5199	Not Laughing
08 Laugh	Audience 08	952.68	952680	963.2	963200	10.52	10520	Smiling
08 Laugh	Audience 08	963.201	963201	970.119	970119	6.918	6918	Not Laughing
08 Laugh	Audience 08	970.12	970120	980.239	980239	10.119	10119	Smiling
08 Laugh	Audience 08	980.24	980240	985.4	985400	5.16	5160	Not Laughing
08 Laugh	Audience 08	985.401	985401	993.32	993320	7.919	7919	Smiling
08 Laugh	Audience 08	993.321	993321	1014.4	1014400	21.079	21079	Not Laughing
08 Laugh	Audience 08	1014.401	1014401	1026.359	1026359	11.958	11958	Laughing
08 Laugh	Audience 08	1026.4	1026400	1044.68	1044680	18.28	18280	Not Laughing
08 Laugh	Audience 08	1044.681	1044681	1061.719	1061719	17.038	17038	Smiling
08 Laugh	Audience 08	1061.72	1061720	1066.959	1066959	5.239	5239	Not Laughing
08 Laugh	Audience 08	1066.96	1066960	1077.599	1077599	10.639	10639	Laughing
08 Laugh	Audience 08	1077.6	1077600	1083.8	1083800	6.2	6200	Not Laughing
08 Laugh	Audience 08	1083.801	1083801	1092.119	1092119	8.318	8318	Laughing
08 Laugh	Audience 08	1092.12	1092120	1110.28	1110280	18.16	18160	Not Laughing
08 Laugh	Audience 08	1110.281	1110281	1121.68	1121680	11.399	11399	Smiling
08 Laugh	Audience 08	1121.681	1121681	1125.52	1125520	3.839	3839	Smiling
08 Laugh	Audience 08	1125.521	1125521	1136.28	1136280	10.759	10759	Not Laughing
08 Laugh	Audience 08	1136.281	1136281	1148.76	1148760	12.479	12479	Smiling
08 Laugh	Audience 08	1148.761	1148761	1150.92	1150920	2.159	2159	Indeterminate
08 Laugh	Audience 08	1150.921	1150921	1168.239	1168239	17.318	17318	Not Laughing
08 Laugh	Audience 08	1168.24	1168240	1178.119	1178119	9.879	9879	Smiling
08 Laugh	Audience 08	1178.12	1178120	1185.359	1185359	7.239	7239	Not Laughing
08 Laugh	Audience 08	1185.36	1185360	1194.079	1194079	8.719	8719	Smiling
08 Laugh	Audience 08	1194.08	1194080	1208.959	1208959	14.879	14879	Not Laughing
08 Laugh	Audience 08	1208.96	1208960	1221.04	1221040	12.08	12080	Smiling
08 Laugh	Audience 08	1221.041	1221041	1231.8	1231800	10.759	10759	Not Laughing
08 Laugh	Audience 08	1231.801	1231801	1245.359	1245359	13.558	13558	Smiling
08 Laugh	Audience 08	1245.4	1245400	1263.719	1263719	18.319	18319	Not Laughing
08 Laugh	Audience 08	1263.72	1263720	1273.76	1273760	10.04	10040	Smiling
08 Laugh	Audience 08	1273.761	1273761	1283.44	1283440	9.679	9679	Not Laughing
08 Laugh	Audience 08	1283.44	1283440	1296.439	1296439	12.999	12999	Smiling
08 Laugh	Audience 08	1296.44	1296440	1306.16	1306160	9.72	9720	Not Laughing
08 Laugh	Audience 08	1306.161	1306161	1310.76	1310760	4.599	4599	Smiling
08 Laugh	Audience 08	1310.761	1310761	1312.56	1312560	1.799	1799	Not Laughing
08 Laugh	Audience 08	1312.561	1312561	1320.719	1320719	8.158	8158	Smiling
08 Laugh	Audience 08	1320.72	1320720	1325.599	1325599	4.879	4879	Not Laughing
08 Laugh	Audience 08	1325.6	1325600	1340.199	1340199	14.599	14599	Smiling
08 Laugh	Audience 08	1340.199	1340199	1344.971	1344971	4.772	4772	Not Laughing
08 Laugh	Audience 08	1344.971	1344971	1351.319	1351319	6.348	6348	Smiling
08 Laugh	Audience 08	1351.32	1351320	1354.839	1354839	3.519	3519	Laughing
08 Laugh	Audience 08	1354.88	1354880	1366.079	1366079	11.199	11199	Smiling
11 Laugh	Audience 11	474.0	474000	478.92	478920	4.92	4920	Smiling
11 Laugh	Audience 11	478.921	478921	480.72	480720	1.799	1799	Not Laughing
11 Laugh	Audience 11	480.721	480721	486.6	486600	5.879	5879	Laughing
11 Laugh	Audience 11	486.64	486640	487.92	487920	1.28	1280	Smiling
11 Laugh	Audience 11	487.921	487921	493.92	493920	5.999	5999	Laughing
11 Laugh	Audience 11	493.959	493959	496.119	496119	2.16	2160	Not Laughing
11 Laugh	Audience 11	496.12	496120	502.2	502200	6.08	6080	Smiling
11 Laugh	Audience 11	502.201	502201	506.239	506239	4.038	4038	Not Laughing
11 Laugh	Audience 11	506.24	506240	512.559	512559	6.319	6319	Laughing
11 Laugh	Audience 11	512.56	512560	531.559	531559	18.999	18999	Smiling
11 Laugh	Audience 11	531.56	531560	535.679	535679	4.119	4119	Not Laughing
11 Laugh	Audience 11	535.68	535680	538.919	538919	3.239	3239	Smiling
11 Laugh	Audience 11	538.92	538920	546.76	546760	7.84	7840	Laughing
11 Laugh	Audience 11	546.76	546760	548.64	548640	1.88	1880	Not Laughing
11 Laugh	Audience 11	548.641	548641	553.919	553919	5.278	5278	Smiling
11 Laugh	Audience 11	553.92	553920	554.88	554880	0.96	960	Not Laughing
11 Laugh	Audience 11	554.881	554881	564.239	564239	9.358	9358	Smiling
11 Laugh	Audience 11	564.24	564240	566.84	566840	2.6	2600	Not Laughing
11 Laugh	Audience 11	566.841	566841	568.84	568840	1.999	1999	Smiling
11 Laugh	Audience 11	568.841	568841	577.52	577520	8.679	8679	Laughing
11 Laugh	Audience 11	577.559	577559	579.159	579159	1.6	1600	Smiling
11 Laugh	Audience 11	579.16	579160	585.479	585479	6.319	6319	Laughing
11 Laugh	Audience 11	585.52	585520	587.838	587838	2.318	2318	Not Laughing
11 Laugh	Audience 11	587.838	587838	592.405	592405	4.567	4567	Smiling
11 Laugh	Audience 11	592.406	592406	597.508	597508	5.102	5102	Not Laughing
11 Laugh	Audience 11	597.508	597508	605.559	605559	8.051	8051	Laughing
11 Laugh	Audience 11	605.56	605560	632.599	632599	27.039	27039	Not Laughing
11 Laugh	Audience 11	632.599	632599	634.08	634080	1.481	1481	Smiling
11 Laugh	Audience 11	634.081	634081	637.719	637719	3.638	3638	Not Laughing
11 Laugh	Audience 11	637.72	637720	645.0	645000	7.28	7280	Smiling
11 Laugh	Audience 11	645.001	645001	650.799	650799	5.798	5798	Laughing
11 Laugh	Audience 11	650.8	650800	656.039	656039	5.239	5239	Not Laughing
11 Laugh	Audience 11	656.04	656040	658.64	658640	2.6	2600	Smiling
11 Laugh	Audience 11	658.641	658641	661.479	661479	2.838	2838	Not Laughing
11 Laugh	Audience 11	661.48	661480	666.119	666119	4.639	4639	Smiling
11 Laugh	Audience 11	666.12	666120	674.28	674280	8.16	8160	Not Laughing
11 Laugh	Audience 11	674.281	674281	678.4	678400	4.119	4119	Smiling
11 Laugh	Audience 11	678.401	678401	700.479	700479	22.078	22078	Not Laughing
11 Laugh	Audience 11	700.48	700480	704.4	704400	3.92	3920	Smiling
11 Laugh	Audience 11	704.401	704401	730.159	730159	25.758	25758	Not Laughing
11 Laugh	Audience 11	730.16	730160	735.919	735919	5.759	5759	Smiling
11 Laugh	Audience 11	735.92	735920	751.08	751080	15.16	15160	Not Laughing
11 Laugh	Audience 11	751.081	751081	757.64	757640	6.559	6559	Smiling
11 Laugh	Audience 11	757.641	757641	766.599	766599	8.958	8958	Laughing
11 Laugh	Audience 11	766.6	766600	817.84	817840	51.24	51240	Smiling
11 Laugh	Audience 11	817.841	817841	825.719	825719	7.878	7878	Laughing
11 Laugh	Audience 11	825.72	825720	835.76	835760	10.04	10040	Smiling
11 Laugh	Audience 11	835.761	835761	842.08	842080	6.319	6319	Laughing
11 Laugh	Audience 11	842.119	842119	854.88	854880	12.761	12761	Not Laughing
11 Laugh	Audience 11	854.881	854881	857.599	857599	2.718	2718	Smiling
11 Laugh	Audience 11	857.6	857600	862.919	862919	5.319	5319	Laughing
11 Laugh	Audience 11	862.92	862920	868.719	868719	5.799	5799	Not Laughing
11 Laugh	Audience 11	868.72	868720	875.479	875479	6.759	6759	Smiling
11 Laugh	Audience 11	875.48	875480	887.452	887452	11.972	11972	Laughing
11 Laugh	Audience 11	887.452	887452	901.32	901320	13.868	13868	Smiling
11 Laugh	Audience 11	901.321	901321	901.322	901322	0.0010	1	(null)
11 Laugh	Audience 11	901.323	901323	937.359	937359	36.036	36036	Not Laughing
11 Laugh	Audience 11	937.36	937360	941.64	941640	4.28	4280	Smiling
11 Laugh	Audience 11	941.641	941641	951.52	951520	9.879	9879	Laughing
11 Laugh	Audience 11	951.521	951521	956.08	956080	4.559	4559	Not Laughing
11 Laugh	Audience 11	956.081	956081	978.401	978401	22.32	22320	Smiling
11 Laugh	Audience 11	978.401	978401	982.88	982880	4.479	4479	Laughing
11 Laugh	Audience 11	982.881	982881	1018.2	1018200	35.319	35319	Smiling
11 Laugh	Audience 11	1018.201	1018201	1028.959	1028959	10.758	10758	Laughing
11 Laugh	Audience 11	1029.0	1029000	1067.479	1067479	38.479	38479	Smiling
11 Laugh	Audience 11	1067.48	1067480	1075.76	1075760	8.28	8280	Laughing
11 Laugh	Audience 11	1075.761	1075761	1084.8	1084800	9.039	9039	Not Laughing
11 Laugh	Audience 11	1084.801	1084801	1087.839	1087839	3.038	3038	Smiling
11 Laugh	Audience 11	1087.84	1087840	1091.76	1091760	3.92	3920	Laughing
11 Laugh	Audience 11	1091.8	1091800	1094.8	1094800	3.0	3000	Not Laughing
11 Laugh	Audience 11	1094.801	1094801	1104.599	1104599	9.798	9798	Smiling
11 Laugh	Audience 11	1104.6	1104600	1110.119	1110119	5.519	5519	Laughing
11 Laugh	Audience 11	1110.16	1110160	1111.439	1111439	1.279	1279	Smiling
11 Laugh	Audience 11	1111.44	1111440	1125.307	1125307	13.867	13867	Laughing
11 Laugh	Audience 11	1125.307	1125307	1135.359	1135359	10.052	10052	Smiling
11 Laugh	Audience 11	1135.36	1135360	1141.56	1141560	6.2	6200	Laughing
11 Laugh	Audience 11	1141.599	1141599	1144.839	1144839	3.24	3240	Smiling
11 Laugh	Audience 11	1144.84	1144840	1148.079	1148079	3.239	3239	Laughing
11 Laugh	Audience 11	1148.119	1148119	1184.439	1184439	36.32	36320	Smiling
11 Laugh	Audience 11	1184.44	1184440	1193.8	1193800	9.36	9360	Laughing
11 Laugh	Audience 11	1193.839	1193839	1209.04	1209040	15.201	15201	Smiling
11 Laugh	Audience 11	1209.079	1209079	1220.8	1220800	11.721	11721	Laughing
11 Laugh	Audience 11	1220.839	1220839	1250.76	1250760	29.921	29921	Smiling
11 Laugh	Audience 11	1250.761	1250761	1257.28	1257280	6.519	6519	Laughing
11 Laugh	Audience 11	1257.319	1257319	1265.239	1265239	7.92	7920	Not Laughing
11 Laugh	Audience 11	1265.28	1265280	1283.4	1283400	18.12	18120	Smiling
11 Laugh	Audience 11	1283.401	1283401	1289.68	1289680	6.279	6279	Laughing
11 Laugh	Audience 11	1289.719	1289719	1306.92	1306920	17.201	17201	Smiling
11 Laugh	Audience 11	1306.921	1306921	1311.64	1311640	4.719	4719	Laughing
11 Laugh	Audience 11	1311.68	1311680	1325.52	1325520	13.84	13840	Smiling
11 Laugh	Audience 11	1325.521	1325521	1333.28	1333280	7.759	7759	Laughing
11 Laugh	Audience 11	1333.319	1333319	1340.599	1340599	7.28	7280	Smiling
11 Laugh	Audience 11	1340.6	1340600	1347.288	1347288	6.688	6688	Laughing
11 Laugh	Audience 11	1347.288	1347288	1348.319	1348319	1.031	1031	Smiling
11 Laugh	Audience 11	1348.32	1348320	1355.28	1355280	6.96	6960	Laughing
11 Laugh	Audience 11	1355.319	1355319	1361.64	1361640	6.321	6321	Smiling
11 Laugh	Audience 11	1361.641	1361641	1366.079	1366079	4.438	4438	Laughing
14 Laugh	Audience 14	474.0	474000	495.64	495640	21.64	21640	Not Laughing
14 Laugh	Audience 14	495.641	495641	501.04	501040	5.399	5399	Smiling
14 Laugh	Audience 14	501.079	501079	505.72	505720	4.641	4641	Not Laughing
14 Laugh	Audience 14	505.721	505721	509.48	509480	3.759	3759	Smiling
14 Laugh	Audience 14	509.519	509519	521.679	521679	12.16	12160	Not Laughing
14 Laugh	Audience 14	521.68	521680	526.239	526239	4.559	4559	Smiling
14 Laugh	Audience 14	526.28	526280	533.96	533960	7.68	7680	Smiling
14 Laugh	Audience 14	533.961	533961	537.599	537599	3.638	3638	Not Laughing
14 Laugh	Audience 14	537.6	537600	542.545	542545	4.945	4945	Smiling
14 Laugh	Audience 14	542.545	542545	553.08	553080	10.535	10535	Not Laughing
14 Laugh	Audience 14	553.081	553081	558.599	558599	5.518	5518	Smiling
14 Laugh	Audience 14	558.64	558640	571.039	571039	12.399	12399	Not Laughing
14 Laugh	Audience 14	571.04	571040	581.88	581880	10.84	10840	Smiling
14 Laugh	Audience 14	581.881	581881	586.64	586640	4.759	4759	Not Laughing
14 Laugh	Audience 14	586.641	586641	589.52	589520	2.879	2879	Smiling
14 Laugh	Audience 14	589.559	589559	599.799	599799	10.24	10240	Not Laughing
14 Laugh	Audience 14	599.8	599800	602.32	602320	2.52	2520	Smiling
14 Laugh	Audience 14	602.321	602321	713.359	713359	111.038	111038	Not Laughing
14 Laugh	Audience 14	713.36	713360	720.119	720119	6.759	6759	Smiling
14 Laugh	Audience 14	720.159	720159	729.76	729760	9.601	9601	Not Laughing
14 Laugh	Audience 14	729.761	729761	734.479	734479	4.718	4718	Smiling
14 Laugh	Audience 14	734.52	734520	749.4	749400	14.88	14880	Not Laughing
14 Laugh	Audience 14	749.401	749401	753.32	753320	3.919	3919	Smiling
14 Laugh	Audience 14	753.321	753321	757.2	757200	3.879	3879	Not Laughing
14 Laugh	Audience 14	757.201	757201	765.799	765799	8.598	8598	Smiling
14 Laugh	Audience 14	765.84	765840	787.039	787039	21.199	21199	Not Laughing
14 Laugh	Audience 14	787.04	787040	790.719	790719	3.679	3679	Smiling
14 Laugh	Audience 14	790.72	790720	826.359	826359	35.639	35639	Not Laughing
14 Laugh	Audience 14	826.36	826360	830.88	830880	4.52	4520	Smiling
14 Laugh	Audience 14	830.919	830919	835.4	835400	4.481	4481	Not Laughing
14 Laugh	Audience 14	835.401	835401	841.08	841080	5.679	5679	Smiling
14 Laugh	Audience 14	841.119	841119	872.52	872520	31.401	31401	Not Laughing
14 Laugh	Audience 14	872.521	872521	881.202	881202	8.681	8681	Smiling
14 Laugh	Audience 14	881.202	881202	896.08	896080	14.878	14878	Not Laughing
14 Laugh	Audience 14	896.081	896081	900.919	900919	4.838	4838	Smiling
14 Laugh	Audience 14	900.92	900920	1069.439	1069439	168.519	168519	Not Laughing
14 Laugh	Audience 14	1069.44	1069440	1074.959	1074959	5.519	5519	Smiling
14 Laugh	Audience 14	1075.0	1075000	1168.479	1168479	93.479	93479	Not Laughing
14 Laugh	Audience 14	1168.48	1168480	1174.4	1174400	5.92	5920	Smiling
14 Laugh	Audience 14	1174.439	1174439	1184.92	1184920	10.481	10481	Not Laughing
14 Laugh	Audience 14	1184.921	1184921	1191.959	1191959	7.038	7038	Smiling
14 Laugh	Audience 14	1191.96	1191960	1214.8	1214800	22.84	22840	Not Laughing
14 Laugh	Audience 14	1214.801	1214801	1222.8	1222800	7.999	7999	Smiling
14 Laugh	Audience 14	1222.801	1222801	1263.8	1263800	40.999	40999	Not Laughing
14 Laugh	Audience 14	1263.801	1263801	1267.68	1267680	3.879	3879	Smiling
14 Laugh	Audience 14	1267.681	1267681	1307.479	1307479	39.798	39798	Not Laughing
14 Laugh	Audience 14	1307.48	1307480	1310.599	1310599	3.119	3119	Smiling
14 Laugh	Audience 14	1310.6	1310600	1329.16	1329160	18.56	18560	Not Laughing
14 Laugh	Audience 14	1329.161	1329161	1336.8	1336800	7.639	7639	Smiling
14 Laugh	Audience 14	1336.801	1336801	1340.479	1340479	3.678	3678	Not Laughing
14 Laugh	Audience 14	1340.48	1340480	1348.125	1348125	7.645	7645	Smiling
14 Laugh	Audience 14	1348.125	1348125	1350.0	1350000	1.875	1875	Not Laughing
14 Laugh	Audience 14	1350.001	1350001	1355.8	1355800	5.799	5799	Smiling
14 Laugh	Audience 14	1355.801	1355801	1358.319	1358319	2.518	2518	Laughing
14 Laugh	Audience 14	1358.32	1358320	1361.319	1361319	2.999	2999	Not Laughing
14 Laugh	Audience 14	1361.32	1361320	1366.079	1366079	4.759	4759	Smiling
13 Laugh	Audience 13	474.0	474000	523.559	523559	49.559	49559	Not Laughing
13 Laugh	Audience 13	523.56	523560	532.0	532000	8.44	8440	Smiling
13 Laugh	Audience 13	532.039	532039	553.239	553239	21.2	21200	Not Laughing
13 Laugh	Audience 13	553.24	553240	558.96	558960	5.72	5720	Laughing
13 Laugh	Audience 13	559.0	559000	594.599	594599	35.599	35599	Smiling
13 Laugh	Audience 13	594.6	594600	651.08	651080	56.48	56480	Not Laughing
13 Laugh	Audience 13	651.081	651081	668.479	668479	17.398	17398	Smiling
13 Laugh	Audience 13	668.52	668520	726.239	726239	57.719	57719	Not Laughing
13 Laugh	Audience 13	726.24	726240	739.08	739080	12.84	12840	Smiling
13 Laugh	Audience 13	739.119	739119	788.159	788159	49.04	49040	Not Laughing
13 Laugh	Audience 13	788.16	788160	803.2	803200	15.04	15040	Smiling
13 Laugh	Audience 13	803.239	803239	829.799	829799	26.56	26560	Not Laughing
13 Laugh	Audience 13	829.84	829840	836.679	836679	6.839	6839	Smiling
13 Laugh	Audience 13	836.68	836680	842.025	842025	5.345	5345	Laughing
13 Laugh	Audience 13	842.025	842025	938.919	938919	96.894	96894	Not Laughing
13 Laugh	Audience 13	938.919	938919	953.44	953440	14.521	14521	Smiling
13 Laugh	Audience 13	953.479	953479	1075.8	1075800	122.321	122321	Not Laughing
13 Laugh	Audience 13	1075.8	1075800	1083.239	1083239	7.439	7439	Laughing
13 Laugh	Audience 13	1083.28	1083280	1111.64	1111640	28.36	28360	Smiling
13 Laugh	Audience 13	1111.641	1111641	1325.479	1325479	213.838	213838	Not Laughing
13 Laugh	Audience 13	1325.48	1325480	1340.16	1340160	14.68	14680	Smiling
13 Laugh	Audience 13	1340.161	1340161	1349.359	1349359	9.198	9198	Not Laughing
13 Laugh	Audience 13	1349.36	1349360	1366.079	1366079	16.719	16719	Smiling
